18
0 8 5 5 2 7 10 5 9 7 8 8 4 7 5 7 10 6 
8 0 5 5 8 7 4 9 3 7 4 4 8 7 9 7 4 6 
5 5 0 2 5 6 7 8 6 6 7 7 7 6 8 6 7 5 
5 5 2 0 5 6 7 8 6 6 7 7 7 6 8 6 7 5 
2 8 5 5 0 7 10 5 9 7 8 8 4 7 5 7 10 6 
7 7 6 6 7 0 9 8 8 6 7 7 7 2 8 6 9 3 
10 4 7 7 10 9 0 11 3 9 6 6 10 9 11 9 2 8 
5 9 8 8 5 8 11 0 10 6 9 9 3 8 2 6 11 7 
9 3 6 6 9 8 3 10 0 8 5 5 9 8 10 8 3 7 
7 7 6 6 7 6 9 6 8 0 5 5 5 6 6 2 9 5 
8 4 7 7 8 7 6 9 5 5 0 2 8 7 9 5 6 6 
8 4 7 7 8 7 6 9 5 5 2 0 8 7 9 5 6 6 
4 8 7 7 4 7 10 3 9 5 8 8 0 7 3 5 10 6 
7 7 6 6 7 2 9 8 8 6 7 7 7 0 8 6 9 3 
5 9 8 8 5 8 11 2 10 6 9 9 3 8 0 6 11 7 
7 7 6 6 7 6 9 6 8 2 5 5 5 6 6 0 9 5 
10 4 7 7 10 9 2 11 3 9 6 6 10 9 11 9 0 8 
6 6 5 5 6 3 8 7 7 5 6 6 6 3 7 5 8 0 
