20
0 11 9 10 10 5 6 9 8 10 2 7 10 9 6 11 5 10 7 3 
11 0 6 5 9 10 9 6 7 3 11 8 5 8 9 2 10 9 8 10 
9 6 0 5 7 8 7 2 5 5 9 6 5 6 7 6 8 7 6 8 
10 5 5 0 8 9 8 5 6 4 10 7 2 7 8 5 9 8 7 9 
10 9 7 8 0 9 8 7 4 8 10 7 8 3 8 9 9 2 7 9 
5 10 8 9 9 0 5 8 7 9 5 6 9 8 5 10 2 9 6 4 
6 9 7 8 8 5 0 7 6 8 6 5 8 7 2 9 5 8 5 5 
9 6 2 5 7 8 7 0 5 5 9 6 5 6 7 6 8 7 6 8 
8 7 5 6 4 7 6 5 0 6 8 5 6 3 6 7 7 4 5 7 
10 3 5 4 8 9 8 5 6 0 10 7 4 7 8 3 9 8 7 9 
2 11 9 10 10 5 6 9 8 10 0 7 10 9 6 11 5 10 7 3 
7 8 6 7 7 6 5 6 5 7 7 0 7 6 5 8 6 7 2 6 
10 5 5 2 8 9 8 5 6 4 10 7 0 7 8 5 9 8 7 9 
9 8 6 7 3 8 7 6 3 7 9 6 7 0 7 8 8 3 6 8 
6 9 7 8 8 5 2 7 6 8 6 5 8 7 0 9 5 8 5 5 
11 2 6 5 9 10 9 6 7 3 11 8 5 8 9 0 10 9 8 10 
5 10 8 9 9 2 5 8 7 9 5 6 9 8 5 10 0 9 6 4 
10 9 7 8 2 9 8 7 4 8 10 7 8 3 8 9 9 0 7 9 
7 8 6 7 7 6 5 6 5 7 7 2 7 6 5 8 6 7 0 6 
3 10 8 9 9 4 5 8 7 9 3 6 9 8 5 10 4 9 6 0 
