18
0 7 4 4 2 7 9 7 8 6 7 7 6 7 7 6 9 6 
7 0 7 7 7 6 4 8 3 7 4 4 7 6 8 7 4 5 
4 7 0 2 4 7 9 7 8 6 7 7 6 7 7 6 9 6 
4 7 2 0 4 7 9 7 8 6 7 7 6 7 7 6 9 6 
2 7 4 4 0 7 9 7 8 6 7 7 6 7 7 6 9 6 
7 6 7 7 7 0 8 8 7 7 6 6 7 2 8 7 8 3 
9 4 9 9 9 8 0 10 3 9 6 6 9 8 10 9 2 7 
7 8 7 7 7 8 10 0 9 5 8 8 3 8 2 5 10 7 
8 3 8 8 8 7 3 9 0 8 5 5 8 7 9 8 3 6 
6 7 6 6 6 7 9 5 8 0 7 7 4 7 5 2 9 6 
7 4 7 7 7 6 6 8 5 7 0 2 7 6 8 7 6 5 
7 4 7 7 7 6 6 8 5 7 2 0 7 6 8 7 6 5 
6 7 6 6 6 7 9 3 8 4 7 7 0 7 3 4 9 6 
7 6 7 7 7 2 8 8 7 7 6 6 7 0 8 7 8 3 
7 8 7 7 7 8 10 2 9 5 8 8 3 8 0 5 10 7 
6 7 6 6 6 7 9 5 8 2 7 7 4 7 5 0 9 6 
9 4 9 9 9 8 2 10 3 9 6 6 9 8 10 9 0 7 
6 5 6 6 6 3 7 7 6 6 5 5 6 3 7 6 7 0 
