22
0 8 7 5 2 7 7 6 7 7 7 8 7 7 8 6 6 7 4 6 8 7 
8 0 9 9 8 7 9 4 11 9 7 12 9 7 2 8 10 7 8 8 12 3 
7 9 0 8 7 8 6 7 10 2 8 11 6 8 9 3 9 8 7 5 11 8 
5 9 8 0 5 8 8 7 4 8 8 5 8 8 9 7 3 8 3 7 5 8 
2 8 7 5 0 7 7 6 7 7 7 8 7 7 8 6 6 7 4 6 8 7 
7 7 8 8 7 0 8 5 10 8 2 11 8 4 7 7 9 4 7 7 11 6 
7 9 6 8 7 8 0 7 10 6 8 11 2 8 9 5 9 8 7 3 11 8 
6 4 7 7 6 5 7 0 9 7 5 10 7 5 4 6 8 5 6 6 10 3 
7 11 10 4 7 10 10 9 0 10 10 3 10 10 11 9 3 10 5 9 3 10 
7 9 2 8 7 8 6 7 10 0 8 11 6 8 9 3 9 8 7 5 11 8 
7 7 8 8 7 2 8 5 10 8 0 11 8 4 7 7 9 4 7 7 11 6 
8 12 11 5 8 11 11 10 3 11 11 0 11 11 12 10 4 11 6 10 2 11 
7 9 6 8 7 8 2 7 10 6 8 11 0 8 9 5 9 8 7 3 11 8 
7 7 8 8 7 4 8 5 10 8 4 11 8 0 7 7 9 2 7 7 11 6 
8 2 9 9 8 7 9 4 11 9 7 12 9 7 0 8 10 7 8 8 12 3 
6 8 3 7 6 7 5 6 9 3 7 10 5 7 8 0 8 7 6 4 10 7 
6 10 9 3 6 9 9 8 3 9 9 4 9 9 10 8 0 9 4 8 4 9 
7 7 8 8 7 4 8 5 10 8 4 11 8 2 7 7 9 0 7 7 11 6 
4 8 7 3 4 7 7 6 5 7 7 6 7 7 8 6 4 7 0 6 6 7 
6 8 5 7 6 7 3 6 9 5 7 10 3 7 8 4 8 7 6 0 10 7 
8 12 11 5 8 11 11 10 3 11 11 2 11 11 12 10 4 11 6 10 0 11 
7 3 8 8 7 6 8 3 10 8 6 11 8 6 3 7 9 6 7 7 11 0 
