29
0 4 9 6 5 9 10 6 5 8 6 6 3 6 6 10 8 5 9 5 7 7 6 7 6 9 8 6 9 
4 0 11 4 5 9 12 4 7 8 8 4 5 8 4 12 8 5 11 5 9 7 8 7 8 11 8 8 9 
9 11 0 13 12 16 5 13 8 15 5 13 8 9 13 5 15 12 2 12 4 14 9 14 7 4 15 7 16 
6 4 13 0 7 11 14 2 9 10 10 4 7 10 4 14 10 7 13 7 11 9 10 9 10 13 10 10 11 
5 5 12 7 0 8 13 7 8 7 9 7 6 9 7 13 7 2 12 4 10 6 9 6 9 12 7 9 8 
9 9 16 11 8 0 17 11 12 3 13 11 10 13 11 17 7 8 16 6 14 4 13 6 13 16 7 13 2 
10 12 5 14 13 17 0 14 9 16 6 14 9 10 14 2 16 13 5 13 5 15 10 15 8 3 16 8 17 
6 4 13 2 7 11 14 0 9 10 10 4 7 10 4 14 10 7 13 7 11 9 10 9 10 13 10 10 11 
5 7 8 9 8 12 9 9 0 11 5 9 4 3 9 9 11 8 8 8 6 10 3 10 5 8 11 5 12 
8 8 15 10 7 3 16 10 11 0 12 10 9 12 10 16 6 7 15 5 13 3 12 5 12 15 6 12 3 
6 8 5 10 9 13 6 10 5 12 0 10 5 6 10 6 12 9 5 9 3 11 6 11 4 5 12 4 13 
6 4 13 4 7 11 14 4 9 10 10 0 7 10 2 14 10 7 13 7 11 9 10 9 10 13 10 10 11 
3 5 8 7 6 10 9 7 4 9 5 7 0 5 7 9 9 6 8 6 6 8 5 8 5 8 9 5 10 
6 8 9 10 9 13 10 10 3 12 6 10 5 0 10 10 12 9 9 9 7 11 2 11 6 9 12 6 13 
6 4 13 4 7 11 14 4 9 10 10 2 7 10 0 14 10 7 13 7 11 9 10 9 10 13 10 10 11 
10 12 5 14 13 17 2 14 9 16 6 14 9 10 14 0 16 13 5 13 5 15 10 15 8 3 16 8 17 
8 8 15 10 7 7 16 10 11 6 12 10 9 12 10 16 0 7 15 5 13 5 12 3 12 15 2 12 7 
5 5 12 7 2 8 13 7 8 7 9 7 6 9 7 13 7 0 12 4 10 6 9 6 9 12 7 9 8 
9 11 2 13 12 16 5 13 8 15 5 13 8 9 13 5 15 12 0 12 4 14 9 14 7 4 15 7 16 
5 5 12 7 4 6 13 7 8 5 9 7 6 9 7 13 5 4 12 0 10 4 9 4 9 12 5 9 6 
7 9 4 11 10 14 5 11 6 13 3 11 6 7 11 5 13 10 4 10 0 12 7 12 5 4 13 5 14 
7 7 14 9 6 4 15 9 10 3 11 9 8 11 9 15 5 6 14 4 12 0 11 4 11 14 5 11 4 
6 8 9 10 9 13 10 10 3 12 6 10 5 2 10 10 12 9 9 9 7 11 0 11 6 9 12 6 13 
7 7 14 9 6 6 15 9 10 5 11 9 8 11 9 15 3 6 14 4 12 4 11 0 11 14 3 11 6 
6 8 7 10 9 13 8 10 5 12 4 10 5 6 10 8 12 9 7 9 5 11 6 11 0 7 12 2 13 
9 11 4 13 12 16 3 13 8 15 5 13 8 9 13 3 15 12 4 12 4 14 9 14 7 0 15 7 16 
8 8 15 10 7 7 16 10 11 6 12 10 9 12 10 16 2 7 15 5 13 5 12 3 12 15 0 12 7 
6 8 7 10 9 13 8 10 5 12 4 10 5 6 10 8 12 9 7 9 5 11 6 11 2 7 12 0 13 
9 9 16 11 8 2 17 11 12 3 13 11 10 13 11 17 7 8 16 6 14 4 13 6 13 16 7 13 0 
