21
0 14 10 14 13 6 9 3 13 13 13 11 11 2 12 13 9 5 7 4 10 
14 0 8 2 5 10 9 13 11 3 5 9 5 14 10 11 9 11 9 12 6 
10 8 0 8 7 6 5 9 5 7 7 3 5 10 4 5 5 7 5 8 4 
14 2 8 0 5 10 9 13 11 3 5 9 5 14 10 11 9 11 9 12 6 
13 5 7 5 0 9 8 12 10 4 2 8 4 13 9 10 8 10 8 11 5 
6 10 6 10 9 0 5 5 9 9 9 7 7 6 8 9 5 3 3 4 6 
9 9 5 9 8 5 0 8 8 8 8 6 6 9 7 8 2 6 4 7 5 
3 13 9 13 12 5 8 0 12 12 12 10 10 3 11 12 8 4 6 3 9 
13 11 5 11 10 9 8 12 0 10 10 4 8 13 3 2 8 10 8 11 7 
13 3 7 3 4 9 8 12 10 0 4 8 4 13 9 10 8 10 8 11 5 
13 5 7 5 2 9 8 12 10 4 0 8 4 13 9 10 8 10 8 11 5 
11 9 3 9 8 7 6 10 4 8 8 0 6 11 3 4 6 8 6 9 5 
11 5 5 5 4 7 6 10 8 4 4 6 0 11 7 8 6 8 6 9 3 
2 14 10 14 13 6 9 3 13 13 13 11 11 0 12 13 9 5 7 4 10 
12 10 4 10 9 8 7 11 3 9 9 3 7 12 0 3 7 9 7 10 6 
13 11 5 11 10 9 8 12 2 10 10 4 8 13 3 0 8 10 8 11 7 
9 9 5 9 8 5 2 8 8 8 8 6 6 9 7 8 0 6 4 7 5 
5 11 7 11 10 3 6 4 10 10 10 8 8 5 9 10 6 0 4 3 7 
7 9 5 9 8 3 4 6 8 8 8 6 6 7 7 8 4 4 0 5 5 
4 12 8 12 11 4 7 3 11 11 11 9 9 4 10 11 7 3 5 0 8 
10 6 4 6 5 6 5 9 7 5 5 5 3 10 6 7 5 7 5 8 0 
