20
0 8 9 7 11 5 8 9 9 7 2 7 7 10 8 8 5 11 7 3 
8 0 7 5 11 9 8 7 9 3 8 7 5 10 8 2 9 11 7 7 
9 7 0 6 6 8 7 2 4 6 9 6 6 5 7 7 8 6 6 8 
7 5 6 0 10 8 7 6 8 4 7 6 2 9 7 5 8 10 6 6 
11 11 6 10 0 10 7 6 4 10 11 8 10 3 7 11 10 2 8 10 
5 9 8 8 10 0 5 8 8 8 5 6 8 9 5 9 2 10 6 4 
8 8 7 7 7 5 0 7 5 7 8 5 7 6 2 8 5 7 5 7 
9 7 2 6 6 8 7 0 4 6 9 6 6 5 7 7 8 6 6 8 
9 9 4 8 4 8 5 4 0 8 9 6 8 3 5 9 8 4 6 8 
7 3 6 4 10 8 7 6 8 0 7 6 4 9 7 3 8 10 6 6 
2 8 9 7 11 5 8 9 9 7 0 7 7 10 8 8 5 11 7 3 
7 7 6 6 8 6 5 6 6 6 7 0 6 7 5 7 6 8 2 6 
7 5 6 2 10 8 7 6 8 4 7 6 0 9 7 5 8 10 6 6 
10 10 5 9 3 9 6 5 3 9 10 7 9 0 6 10 9 3 7 9 
8 8 7 7 7 5 2 7 5 7 8 5 7 6 0 8 5 7 5 7 
8 2 7 5 11 9 8 7 9 3 8 7 5 10 8 0 9 11 7 7 
5 9 8 8 10 2 5 8 8 8 5 6 8 9 5 9 0 10 6 4 
11 11 6 10 2 10 7 6 4 10 11 8 10 3 7 11 10 0 8 10 
7 7 6 6 8 6 5 6 6 6 7 2 6 7 5 7 6 8 0 6 
3 7 8 6 10 4 7 8 8 6 3 6 6 9 7 7 4 10 6 0 
