27
0 11 4 9 3 9 8 2 8 12 8 8 9 9 10 7 9 10 7 8 9 9 12 9 8 8 10 
11 0 9 12 10 10 7 11 11 3 9 11 6 10 3 10 8 5 10 9 8 12 3 6 11 9 5 
4 9 0 7 3 7 6 4 6 10 6 6 7 7 8 5 7 8 5 6 7 7 10 7 6 6 8 
9 12 7 0 8 10 9 9 7 13 9 3 10 10 11 4 10 11 6 9 10 2 13 10 7 9 11 
3 10 3 8 0 8 7 3 7 11 7 7 8 8 9 6 8 9 6 7 8 8 11 8 7 7 9 
9 10 7 10 8 0 7 9 9 11 5 9 8 2 9 8 8 9 8 3 8 10 11 8 9 5 9 
8 7 6 9 7 7 0 8 8 8 6 8 5 7 6 7 3 6 7 6 3 9 8 5 8 6 6 
2 11 4 9 3 9 8 0 8 12 8 8 9 9 10 7 9 10 7 8 9 9 12 9 8 8 10 
8 11 6 7 7 9 8 8 0 12 8 6 9 9 10 5 9 10 3 8 9 7 12 9 2 8 10 
12 3 10 13 11 11 8 12 12 0 10 12 7 11 4 11 9 6 11 10 9 13 2 7 12 10 6 
8 9 6 9 7 5 6 8 8 10 0 8 7 5 8 7 7 8 7 4 7 9 10 7 8 2 8 
8 11 6 3 7 9 8 8 6 12 8 0 9 9 10 3 9 10 5 8 9 3 12 9 6 8 10 
9 6 7 10 8 8 5 9 9 7 7 9 0 8 5 8 6 5 8 7 6 10 7 2 9 7 5 
9 10 7 10 8 2 7 9 9 11 5 9 8 0 9 8 8 9 8 3 8 10 11 8 9 5 9 
10 3 8 11 9 9 6 10 10 4 8 10 5 9 0 9 7 4 9 8 7 11 4 5 10 8 4 
7 10 5 4 6 8 7 7 5 11 7 3 8 8 9 0 8 9 4 7 8 4 11 8 5 7 9 
9 8 7 10 8 8 3 9 9 9 7 9 6 8 7 8 0 7 8 7 2 10 9 6 9 7 7 
10 5 8 11 9 9 6 10 10 6 8 10 5 9 4 9 7 0 9 8 7 11 6 5 10 8 2 
7 10 5 6 6 8 7 7 3 11 7 5 8 8 9 4 8 9 0 7 8 6 11 8 3 7 9 
8 9 6 9 7 3 6 8 8 10 4 8 7 3 8 7 7 8 7 0 7 9 10 7 8 4 8 
9 8 7 10 8 8 3 9 9 9 7 9 6 8 7 8 2 7 8 7 0 10 9 6 9 7 7 
9 12 7 2 8 10 9 9 7 13 9 3 10 10 11 4 10 11 6 9 10 0 13 10 7 9 11 
12 3 10 13 11 11 8 12 12 2 10 12 7 11 4 11 9 6 11 10 9 13 0 7 12 10 6 
9 6 7 10 8 8 5 9 9 7 7 9 2 8 5 8 6 5 8 7 6 10 7 0 9 7 5 
8 11 6 7 7 9 8 8 2 12 8 6 9 9 10 5 9 10 3 8 9 7 12 9 0 8 10 
8 9 6 9 7 5 6 8 8 10 2 8 7 5 8 7 7 8 7 4 7 9 10 7 8 0 8 
10 5 8 11 9 9 6 10 10 6 8 10 5 9 4 9 7 2 9 8 7 11 6 5 10 8 0 
