20
0 6 7 5 2 8 7 6 7 7 8 7 7 8 6 6 6 8 4 6 
6 0 7 7 6 6 7 4 9 7 6 9 7 6 2 6 8 6 6 6 
7 7 0 8 7 9 6 7 10 2 9 10 6 9 7 3 9 9 7 5 
5 7 8 0 5 9 8 7 4 8 9 4 8 9 7 7 3 9 3 7 
2 6 7 5 0 8 7 6 7 7 8 7 7 8 6 6 6 8 4 6 
8 6 9 9 8 0 9 4 11 9 2 11 9 4 6 8 10 4 8 8 
7 7 6 8 7 9 0 7 10 6 9 10 2 9 7 5 9 9 7 3 
6 4 7 7 6 4 7 0 9 7 4 9 7 4 4 6 8 4 6 6 
7 9 10 4 7 11 10 9 0 10 11 2 10 11 9 9 3 11 5 9 
7 7 2 8 7 9 6 7 10 0 9 10 6 9 7 3 9 9 7 5 
8 6 9 9 8 2 9 4 11 9 0 11 9 4 6 8 10 4 8 8 
7 9 10 4 7 11 10 9 2 10 11 0 10 11 9 9 3 11 5 9 
7 7 6 8 7 9 2 7 10 6 9 10 0 9 7 5 9 9 7 3 
8 6 9 9 8 4 9 4 11 9 4 11 9 0 6 8 10 2 8 8 
6 2 7 7 6 6 7 4 9 7 6 9 7 6 0 6 8 6 6 6 
6 6 3 7 6 8 5 6 9 3 8 9 5 8 6 0 8 8 6 4 
6 8 9 3 6 10 9 8 3 9 10 3 9 10 8 8 0 10 4 8 
8 6 9 9 8 4 9 4 11 9 4 11 9 2 6 8 10 0 8 8 
4 6 7 3 4 8 7 6 5 7 8 5 7 8 6 6 4 8 0 6 
6 6 5 7 6 8 3 6 9 5 8 9 3 8 6 4 8 8 6 0 
