24
0 9 4 11 5 3 10 3 9 4 10 5 11 9 10 10 5 11 9 11 8 9 7 8 
9 0 7 8 10 10 9 10 8 9 7 10 8 2 7 9 6 8 8 8 5 8 6 3 
4 7 0 9 5 5 8 5 7 4 8 5 9 7 8 8 3 9 7 9 6 7 5 6 
11 8 9 0 12 12 11 12 10 11 5 12 4 8 5 11 8 2 10 4 5 10 8 7 
5 10 5 12 0 6 11 6 10 3 11 2 12 10 11 11 6 12 10 12 9 10 8 9 
3 10 5 12 6 0 11 2 10 5 11 6 12 10 11 11 6 12 10 12 9 10 8 9 
10 9 8 11 11 11 0 11 5 10 10 11 11 9 10 2 7 11 3 11 8 5 5 8 
3 10 5 12 6 2 11 0 10 5 11 6 12 10 11 11 6 12 10 12 9 10 8 9 
9 8 7 10 10 10 5 10 0 9 9 10 10 8 9 5 6 10 4 10 7 2 4 7 
4 9 4 11 3 5 10 5 9 0 10 3 11 9 10 10 5 11 9 11 8 9 7 8 
10 7 8 5 11 11 10 11 9 10 0 11 5 7 2 10 7 5 9 5 4 9 7 6 
5 10 5 12 2 6 11 6 10 3 11 0 12 10 11 11 6 12 10 12 9 10 8 9 
11 8 9 4 12 12 11 12 10 11 5 12 0 8 5 11 8 4 10 2 5 10 8 7 
9 2 7 8 10 10 9 10 8 9 7 10 8 0 7 9 6 8 8 8 5 8 6 3 
10 7 8 5 11 11 10 11 9 10 2 11 5 7 0 10 7 5 9 5 4 9 7 6 
10 9 8 11 11 11 2 11 5 10 10 11 11 9 10 0 7 11 3 11 8 5 5 8 
5 6 3 8 6 6 7 6 6 5 7 6 8 6 7 7 0 8 6 8 5 6 4 5 
11 8 9 2 12 12 11 12 10 11 5 12 4 8 5 11 8 0 10 4 5 10 8 7 
9 8 7 10 10 10 3 10 4 9 9 10 10 8 9 3 6 10 0 10 7 4 4 7 
11 8 9 4 12 12 11 12 10 11 5 12 2 8 5 11 8 4 10 0 5 10 8 7 
8 5 6 5 9 9 8 9 7 8 4 9 5 5 4 8 5 5 7 5 0 7 5 4 
9 8 7 10 10 10 5 10 2 9 9 10 10 8 9 5 6 10 4 10 7 0 4 7 
7 6 5 8 8 8 5 8 4 7 7 8 8 6 7 5 4 8 4 8 5 4 0 5 
8 3 6 7 9 9 8 9 7 8 6 9 7 3 6 8 5 7 7 7 4 7 5 0 
