26
0 6 6 8 2 3 8 9 7 9 7 10 6 10 9 6 8 8 9 10 8 10 9 7 9 8 
6 0 6 8 6 5 6 9 5 9 5 10 2 8 9 6 8 6 9 8 8 10 7 7 9 6 
6 6 0 6 6 5 8 7 7 7 7 8 6 10 7 2 6 8 7 10 6 8 9 5 7 8 
8 8 6 0 8 7 10 7 9 5 9 4 8 12 7 6 6 10 5 12 4 4 11 5 3 10 
2 6 6 8 0 3 8 9 7 9 7 10 6 10 9 6 8 8 9 10 8 10 9 7 9 8 
3 5 5 7 3 0 7 8 6 8 6 9 5 9 8 5 7 7 8 9 7 9 8 6 8 7 
8 6 8 10 8 7 0 11 5 11 5 12 6 4 11 8 10 4 11 4 10 12 3 9 11 4 
9 9 7 7 9 8 11 0 10 8 10 9 9 13 2 7 3 11 8 13 7 9 12 4 8 11 
7 5 7 9 7 6 5 10 0 10 2 11 5 7 10 7 9 5 10 7 9 11 6 8 10 5 
9 9 7 5 9 8 11 8 10 0 10 7 9 13 8 7 7 11 2 13 3 7 12 6 6 11 
7 5 7 9 7 6 5 10 2 10 0 11 5 7 10 7 9 5 10 7 9 11 6 8 10 5 
10 10 8 4 10 9 12 9 11 7 11 0 10 14 9 8 8 12 7 14 6 2 13 7 3 12 
6 2 6 8 6 5 6 9 5 9 5 10 0 8 9 6 8 6 9 8 8 10 7 7 9 6 
10 8 10 12 10 9 4 13 7 13 7 14 8 0 13 10 12 6 13 2 12 14 3 11 13 6 
9 9 7 7 9 8 11 2 10 8 10 9 9 13 0 7 3 11 8 13 7 9 12 4 8 11 
6 6 2 6 6 5 8 7 7 7 7 8 6 10 7 0 6 8 7 10 6 8 9 5 7 8 
8 8 6 6 8 7 10 3 9 7 9 8 8 12 3 6 0 10 7 12 6 8 11 3 7 10 
8 6 8 10 8 7 4 11 5 11 5 12 6 6 11 8 10 0 11 6 10 12 5 9 11 2 
9 9 7 5 9 8 11 8 10 2 10 7 9 13 8 7 7 11 0 13 3 7 12 6 6 11 
10 8 10 12 10 9 4 13 7 13 7 14 8 2 13 10 12 6 13 0 12 14 3 11 13 6 
8 8 6 4 8 7 10 7 9 3 9 6 8 12 7 6 6 10 3 12 0 6 11 5 5 10 
10 10 8 4 10 9 12 9 11 7 11 2 10 14 9 8 8 12 7 14 6 0 13 7 3 12 
9 7 9 11 9 8 3 12 6 12 6 13 7 3 12 9 11 5 12 3 11 13 0 10 12 5 
7 7 5 5 7 6 9 4 8 6 8 7 7 11 4 5 3 9 6 11 5 7 10 0 6 9 
9 9 7 3 9 8 11 8 10 6 10 3 9 13 8 7 7 11 6 13 5 3 12 6 0 11 
8 6 8 10 8 7 4 11 5 11 5 12 6 6 11 8 10 2 11 6 10 12 5 9 11 0 
