10
0
0.12025494
0.11905769
0.1104278
0.11274555
0.11420782
0.10766108
0.10294235
0.11001931
0.10388575
0.12025494
0
0.11714005
0.11286721
0.09768648
0.08801216
0.11621049
0.08101853
0.08157692
0.09741301
0.11905769
0.11714005
0
0.11256768
0.10040009
0.11175256
0.1012104
0.10525165
0.10700205
0.10054455
0.1104278
0.11286721
0.11256768
0
0.10626097
0.11392966
0.07811953
0.10970007
0.10377239
0.07596361
0.11274555
0.09768648
0.10040009
0.10626097
0
0.10542772
0.09928032
0.09568167
0.09320829
0.08994694
0.11420782
0.08801216
0.11175256
0.11392966
0.10542772
0
0.10585636
0.0659878
0.06620039
0.09567893
0.10766108
0.11621049
0.1012104
0.07811953
0.09928032
0.10585636
0
0.105164
0.10523477
0.07580863
0.10294235
0.08101853
0.10525165
0.10970007
0.09568167
0.0659878
0.105164
0
0.05926281
0.0919747
0.11001931
0.08157692
0.10700205
0.10377239
0.09320829
0.06620039
0.10523477
0.05926281
0
0.09423291
0.10388575
0.09741301
0.10054455
0.07596361
0.08994694
0.09567893
0.07580863
0.0919747
0.09423291
0
