10
0
0.12025494
0.11905769
0.11834966
0.11308792
0.1073858
0.10294235
0.11439053
0.10646239
0.10388575
0.12025494
0
0.11714005
0.08622324
0.11110005
0.0975988
0.08101853
0.01997653
0.09753192
0.09741301
0.11905769
0.11714005
0
0.1125466
0.03670122
0.10023751
0.10525165
0.11472932
0.068833
0.10054455
0.11834966
0.08622324
0.1125466
0
0.10628894
0.10198834
0.0766884
0.08016695
0.10196153
0.10560985
0.11308792
0.11110005
0.03670122
0.10628894
0
0.08889828
0.10116286
0.10870587
0.06557773
0.08887189
0.1073858
0.0975988
0.10023751
0.10198834
0.08889828
0
0.09552026
0.09286675
0.07855219
0.08889828
0.10294235
0.08101853
0.10525165
0.0766884
0.10116286
0.09552026
0
0.07783997
0.0916062
0.0919747
0.11439053
0.01997653
0.11472932
0.08016695
0.10870587
0.09286675
0.07783997
0
0.09432324
0.09426458
0.10646239
0.09753192
0.068833
0.10196153
0.06557773
0.07855219
0.0916062
0.09432324
0
0.08423488
0.10388575
0.09741301
0.10054455
0.10560985
0.08887189
0.08889828
0.0919747
0.09426458
0.08423488
0
