8
0
0.1125466
0.10040009
0.10525165
0.11472932
0.0994188
0.10700205
0.09904876
0.1125466
0
0.10306823
0.0766884
0.08016695
0.10536492
0.06873844
0.09558298
0.10040009
0.10306823
0
0.09568167
0.09294994
0.08918304
0.09320829
0.07721403
0.10525165
0.0766884
0.09568167
0
0.07783997
0.09986384
0.05926281
0.09389446
0.11472932
0.08016695
0.09294994
0.07783997
0
0.11033702
0.07995708
0.08493531
0.0994188
0.10536492
0.08918304
0.09986384
0.11033702
0
0.1024231
0.0886792
0.10700205
0.06873844
0.09320829
0.05926281
0.07995708
0.1024231
0
0.09463891
0.09904876
0.09558298
0.07721403
0.09389446
0.08493531
0.0886792
0.09463891
0
