12
0
0.12025494
0.11905769
0.1104278
0.10160516
0.11834966
0.11274555
0.11647785
0.10891804
0.11308792
0.11420782
0.10766108
0.12025494
0
0.11714005
0.11286721
0.11155114
0.08622324
0.09768648
0.08570964
0.11430999
0.11110005
0.08801216
0.11621049
0.11905769
0.11714005
0
0.11256768
0.11206644
0.1125466
0.10040009
0.11366295
0.10217617
0.03670122
0.11175256
0.1012104
0.1104278
0.11286721
0.11256768
0
0.11343977
0.11540562
0.10626097
0.10677588
0.07683987
0.11094827
0.11392966
0.07811953
0.10160516
0.11155114
0.11206644
0.11343977
0
0.11476112
0.10858796
0.11652015
0.10634239
0.10870587
0.1140628
0.10174161
0.11834966
0.08622324
0.1125466
0.11540562
0.11476112
0
0.10306823
0.08175064
0.11080185
0.10628894
0.03188293
0.10713847
0.11274555
0.09768648
0.10040009
0.10626097
0.10858796
0.10306823
0
0.10140242
0.09535406
0.09077544
0.10542772
0.09928032
0.11647785
0.08570964
0.11366295
0.10677588
0.11652015
0.08175064
0.10140242
0
0.11054417
0.11105495
0.08041197
0.10649585
0.10891804
0.11430999
0.10217617
0.07683987
0.10634239
0.11080185
0.09535406
0.11054417
0
0.09159177
0.10713665
0.02842412
0.11308792
0.11110005
0.03670122
0.11094827
0.10870587
0.10628894
0.09077544
0.11105495
0.09159177
0
0.10692665
0.09796984
0.11420782
0.08801216
0.11175256
0.11392966
0.1140628
0.03188293
0.10542772
0.08041197
0.10713665
0.10692665
0
0.10585636
0.10766108
0.11621049
0.1012104
0.07811953
0.10174161
0.10713847
0.09928032
0.10649585
0.02842412
0.09796984
0.10585636
0
