8
0
0.12025494
0.11905769
0.10160516
0.11834966
0.11274555
0.10891804
0.10766108
0.12025494
0
0.11714005
0.11155114
0.08622324
0.09768648
0.11430999
0.11621049
0.11905769
0.11714005
0
0.11206644
0.1125466
0.10040009
0.10217617
0.1012104
0.10160516
0.11155114
0.11206644
0
0.11476112
0.10858796
0.10634239
0.10174161
0.11834966
0.08622324
0.1125466
0.11476112
0
0.10306823
0.11080185
0.10713847
0.11274555
0.09768648
0.10040009
0.10858796
0.10306823
0
0.09535406
0.09928032
0.10891804
0.11430999
0.10217617
0.10634239
0.11080185
0.09535406
0
0.02842412
0.10766108
0.11621049
0.1012104
0.10174161
0.10713847
0.09928032
0.02842412
0
