9
0
0.11714005
0.08622324
0.09768648
0.08801216
0.08101853
0.09753192
0.09741301
0.08868498
0.11714005
0
0.1125466
0.10040009
0.11175256
0.10525165
0.068833
0.10054455
0.09904876
0.08622324
0.1125466
0
0.10306823
0.03188293
0.0766884
0.10196153
0.10560985
0.09558298
0.09768648
0.10040009
0.10306823
0
0.10542772
0.09568167
0.07678616
0.08994694
0.07721403
0.08801216
0.11175256
0.03188293
0.10542772
0
0.0659878
0.10124976
0.09567893
0.09699143
0.08101853
0.10525165
0.0766884
0.09568167
0.0659878
0
0.0916062
0.0919747
0.09389446
0.09753192
0.068833
0.10196153
0.07678616
0.10124976
0.0916062
0
0.08423488
0.07224904
0.09741301
0.10054455
0.10560985
0.08994694
0.09567893
0.0919747
0.08423488
0
0.08265578
0.08868498
0.09904876
0.09558298
0.07721403
0.09699143
0.09389446
0.07224904
0.08265578
0
