9
0
0.11714005
0.11430999
0.11110005
0.08801216
0.11621049
0.0975988
0.09741301
0.08868498
0.11714005
0
0.10217617
0.03670122
0.11175256
0.1012104
0.10023751
0.10054455
0.09904876
0.11430999
0.10217617
0
0.09159177
0.10713665
0.02842412
0.09435414
0.07089787
0.09036917
0.11110005
0.03670122
0.09159177
0
0.10692665
0.09796984
0.08889828
0.08887189
0.09418269
0.08801216
0.11175256
0.10713665
0.10692665
0
0.10585636
0.10414487
0.09567893
0.09699143
0.11621049
0.1012104
0.02842412
0.09796984
0.10585636
0
0.0982779
0.07580863
0.09130128
0.0975988
0.10023751
0.09435414
0.08889828
0.10414487
0.0982779
0
0.08889828
0.06838156
0.09741301
0.10054455
0.07089787
0.08887189
0.09567893
0.07580863
0.08889828
0
0.08265578
0.08868498
0.09904876
0.09036917
0.09418269
0.09699143
0.09130128
0.06838156
0.08265578
0
