8
0
0.10306823
0.10628894
0.10198834
0.10196153
0.10536492
0.06873844
0.10560985
0.10306823
0
0.09077544
0.02974491
0.07678616
0.08918304
0.09320829
0.08994694
0.10628894
0.09077544
0
0.08889828
0.06557773
0.09089983
0.1044633
0.08887189
0.10198834
0.02974491
0.08889828
0
0.07855219
0.0910221
0.09407651
0.08889828
0.10196153
0.07678616
0.06557773
0.07855219
0
0.09579776
0.0858609
0.08423488
0.10536492
0.08918304
0.09089983
0.0910221
0.09579776
0
0.1024231
0.0684409
0.06873844
0.09320829
0.1044633
0.09407651
0.0858609
0.1024231
0
0.09423291
0.10560985
0.08994694
0.08887189
0.08889828
0.08423488
0.0684409
0.09423291
0
