11
0
0.1104278
0.10160516
0.11834966
0.11274555
0.11647785
0.11420782
0.10766108
0.11439053
0.10492858
0.10388575
0.1104278
0
0.11343977
0.11540562
0.10626097
0.10677588
0.11392966
0.07811953
0.10950136
0.07676386
0.07596361
0.10160516
0.11343977
0
0.11476112
0.10858796
0.11652015
0.1140628
0.10174161
0.10388575
0.09988758
0.10315618
0.11834966
0.11540562
0.11476112
0
0.10306823
0.08175064
0.03188293
0.10713847
0.08016695
0.10536492
0.10560985
0.11274555
0.10626097
0.10858796
0.10306823
0
0.10140242
0.10542772
0.09928032
0.09294994
0.08918304
0.08994694
0.11647785
0.10677588
0.11652015
0.08175064
0.10140242
0
0.08041197
0.10649585
0.0758189
0.10395129
0.09829595
0.11420782
0.11392966
0.1140628
0.03188293
0.10542772
0.08041197
0
0.10585636
0.07774169
0.10639717
0.09567893
0.10766108
0.07811953
0.10174161
0.10713847
0.09928032
0.10649585
0.10585636
0
0.1137114
0.04716756
0.07580863
0.11439053
0.10950136
0.10388575
0.08016695
0.09294994
0.0758189
0.07774169
0.1137114
0
0.11033702
0.09426458
0.10492858
0.07676386
0.09988758
0.10536492
0.08918304
0.10395129
0.10639717
0.04716756
0.11033702
0
0.0684409
0.10388575
0.07596361
0.10315618
0.10560985
0.08994694
0.09829595
0.09567893
0.07580863
0.09426458
0.0684409
0
