11
0
0.10626097
0.11392966
0.07811953
0.1080745
0.10950136
0.09725204
0.07676386
0.10377239
0.07596361
0.09731144
0.10626097
0
0.10542772
0.09928032
0.02974491
0.09294994
0.07678616
0.08918304
0.09320829
0.08994694
0.07721403
0.11392966
0.10542772
0
0.10585636
0.10414487
0.07774169
0.10124976
0.10639717
0.06620039
0.09567893
0.09699143
0.07811953
0.09928032
0.10585636
0
0.0982779
0.1137114
0.10053989
0.04716756
0.10523477
0.07580863
0.09130128
0.1080745
0.02974491
0.10414487
0.0982779
0
0.09286675
0.07855219
0.0910221
0.09407651
0.08889828
0.06838156
0.10950136
0.09294994
0.07774169
0.1137114
0.09286675
0
0.09432324
0.11033702
0.07995708
0.09426458
0.08493531
0.09725204
0.07678616
0.10124976
0.10053989
0.07855219
0.09432324
0
0.09579776
0.0858609
0.08423488
0.07224904
0.07676386
0.08918304
0.10639717
0.04716756
0.0910221
0.11033702
0.09579776
0
0.1024231
0.0684409
0.0886792
0.10377239
0.09320829
0.06620039
0.10523477
0.09407651
0.07995708
0.0858609
0.1024231
0
0.09423291
0.09463891
0.07596361
0.08994694
0.09567893
0.07580863
0.08889828
0.09426458
0.08423488
0.0684409
0.09423291
0
0.08265578
0.09731144
0.07721403
0.09699143
0.09130128
0.06838156
0.08493531
0.07224904
0.0886792
0.09463891
0.08265578
0
