12
0
0.11286721
0.08622324
0.09768648
0.11430999
0.11110005
0.08801216
0.0975988
0.09753192
0.1146943
0.08157692
0.09741301
0.11286721
0
0.11540562
0.10626097
0.07683987
0.11094827
0.11392966
0.1080745
0.09725204
0.07676386
0.10377239
0.07596361
0.08622324
0.11540562
0
0.10306823
0.11080185
0.10628894
0.03188293
0.10198834
0.10196153
0.10536492
0.06873844
0.10560985
0.09768648
0.10626097
0.10306823
0
0.09535406
0.09077544
0.10542772
0.02974491
0.07678616
0.08918304
0.09320829
0.08994694
0.11430999
0.07683987
0.11080185
0.09535406
0
0.09159177
0.10713665
0.09435414
0.09965944
0.03656405
0.10247815
0.07089787
0.11110005
0.11094827
0.10628894
0.09077544
0.09159177
0
0.10692665
0.08889828
0.06557773
0.09089983
0.1044633
0.08887189
0.08801216
0.11392966
0.03188293
0.10542772
0.10713665
0.10692665
0
0.10414487
0.10124976
0.10639717
0.06620039
0.09567893
0.0975988
0.1080745
0.10198834
0.02974491
0.09435414
0.08889828
0.10414487
0
0.07855219
0.0910221
0.09407651
0.08889828
0.09753192
0.09725204
0.10196153
0.07678616
0.09965944
0.06557773
0.10124976
0.07855219
0
0.09579776
0.0858609
0.08423488
0.1146943
0.07676386
0.10536492
0.08918304
0.03656405
0.09089983
0.10639717
0.0910221
0.09579776
0
0.1024231
0.0684409
0.08157692
0.10377239
0.06873844
0.09320829
0.10247815
0.1044633
0.06620039
0.09407651
0.0858609
0.1024231
0
0.09423291
0.09741301
0.07596361
0.10560985
0.08994694
0.07089787
0.08887189
0.09567893
0.08889828
0.08423488
0.0684409
0.09423291
0
