11
0
0.1104278
0.10160516
0.11834966
0.11274555
0.10891804
0.11308792
0.1073858
0.10294235
0.11439053
0.10388575
0.1104278
0
0.11343977
0.11540562
0.10626097
0.07683987
0.11094827
0.1080745
0.10970007
0.10950136
0.07596361
0.10160516
0.11343977
0
0.11476112
0.10858796
0.10634239
0.10870587
0.10159617
0.11260343
0.10388575
0.10315618
0.11834966
0.11540562
0.11476112
0
0.10306823
0.11080185
0.10628894
0.10198834
0.0766884
0.08016695
0.10560985
0.11274555
0.10626097
0.10858796
0.10306823
0
0.09535406
0.09077544
0.02974491
0.09568167
0.09294994
0.08994694
0.10891804
0.07683987
0.10634239
0.11080185
0.09535406
0
0.09159177
0.09435414
0.10136618
0.11166998
0.07089787
0.11308792
0.11094827
0.10870587
0.10628894
0.09077544
0.09159177
0
0.08889828
0.10116286
0.10870587
0.08887189
0.1073858
0.1080745
0.10159617
0.10198834
0.02974491
0.09435414
0.08889828
0
0.09552026
0.09286675
0.08889828
0.10294235
0.10970007
0.11260343
0.0766884
0.09568167
0.10136618
0.10116286
0.09552026
0
0.07783997
0.0919747
0.11439053
0.10950136
0.10388575
0.08016695
0.09294994
0.11166998
0.10870587
0.09286675
0.07783997
0
0.09426458
0.10388575
0.07596361
0.10315618
0.10560985
0.08994694
0.07089787
0.08887189
0.08889828
0.0919747
0.09426458
0
