9
0
0.11256768
0.1125466
0.10040009
0.03670122
0.11175256
0.10525165
0.11472932
0.10054455
0.11256768
0
0.11540562
0.10626097
0.11094827
0.11392966
0.10970007
0.10950136
0.07596361
0.1125466
0.11540562
0
0.10306823
0.10628894
0.03188293
0.0766884
0.08016695
0.10560985
0.10040009
0.10626097
0.10306823
0
0.09077544
0.10542772
0.09568167
0.09294994
0.08994694
0.03670122
0.11094827
0.10628894
0.09077544
0
0.10692665
0.10116286
0.10870587
0.08887189
0.11175256
0.11392966
0.03188293
0.10542772
0.10692665
0
0.0659878
0.07774169
0.09567893
0.10525165
0.10970007
0.0766884
0.09568167
0.10116286
0.0659878
0
0.07783997
0.0919747
0.11472932
0.10950136
0.08016695
0.09294994
0.10870587
0.07774169
0.07783997
0
0.09426458
0.10054455
0.07596361
0.10560985
0.08994694
0.08887189
0.09567893
0.0919747
0.09426458
0
