12
0
0.11714005
0.11286721
0.09768648
0.08801216
0.0975988
0.08101853
0.01997653
0.09753192
0.08157692
0.09741301
0.08868498
0.11714005
0
0.11256768
0.10040009
0.11175256
0.10023751
0.10525165
0.11472932
0.068833
0.10700205
0.10054455
0.09904876
0.11286721
0.11256768
0
0.10626097
0.11392966
0.1080745
0.10970007
0.10950136
0.09725204
0.10377239
0.07596361
0.09731144
0.09768648
0.10040009
0.10626097
0
0.10542772
0.02974491
0.09568167
0.09294994
0.07678616
0.09320829
0.08994694
0.07721403
0.08801216
0.11175256
0.11392966
0.10542772
0
0.10414487
0.0659878
0.07774169
0.10124976
0.06620039
0.09567893
0.09699143
0.0975988
0.10023751
0.1080745
0.02974491
0.10414487
0
0.09552026
0.09286675
0.07855219
0.09407651
0.08889828
0.06838156
0.08101853
0.10525165
0.10970007
0.09568167
0.0659878
0.09552026
0
0.07783997
0.0916062
0.05926281
0.0919747
0.09389446
0.01997653
0.11472932
0.10950136
0.09294994
0.07774169
0.09286675
0.07783997
0
0.09432324
0.07995708
0.09426458
0.08493531
0.09753192
0.068833
0.09725204
0.07678616
0.10124976
0.07855219
0.0916062
0.09432324
0
0.0858609
0.08423488
0.07224904
0.08157692
0.10700205
0.10377239
0.09320829
0.06620039
0.09407651
0.05926281
0.07995708
0.0858609
0
0.09423291
0.09463891
0.09741301
0.10054455
0.07596361
0.08994694
0.09567893
0.08889828
0.0919747
0.09426458
0.08423488
0.09423291
0
0.08265578
0.08868498
0.09904876
0.09731144
0.07721403
0.09699143
0.06838156
0.09389446
0.08493531
0.07224904
0.09463891
0.08265578
0
