10
0
0.11155114
0.08622324
0.09768648
0.08570964
0.11110005
0.08101853
0.08157692
0.09741301
0.08868498
0.11155114
0
0.11476112
0.10858796
0.11652015
0.10870587
0.11260343
0.10843502
0.10315618
0.10184087
0.08622324
0.11476112
0
0.10306823
0.08175064
0.10628894
0.0766884
0.06873844
0.10560985
0.09558298
0.09768648
0.10858796
0.10306823
0
0.10140242
0.09077544
0.09568167
0.09320829
0.08994694
0.07721403
0.08570964
0.11652015
0.08175064
0.10140242
0
0.11105495
0.07184825
0.07477007
0.09829595
0.09235848
0.11110005
0.10870587
0.10628894
0.09077544
0.11105495
0
0.10116286
0.1044633
0.08887189
0.09418269
0.08101853
0.11260343
0.0766884
0.09568167
0.07184825
0.10116286
0
0.05926281
0.0919747
0.09389446
0.08157692
0.10843502
0.06873844
0.09320829
0.07477007
0.1044633
0.05926281
0
0.09423291
0.09463891
0.09741301
0.10315618
0.10560985
0.08994694
0.09829595
0.08887189
0.0919747
0.09423291
0
0.08265578
0.08868498
0.10184087
0.09558298
0.07721403
0.09235848
0.09418269
0.09389446
0.09463891
0.08265578
0
