12
0
0.11256768
0.10217617
0.03670122
0.11175256
0.10525165
0.11472932
0.068833
0.0994188
0.10700205
0.10054455
0.09904876
0.11256768
0
0.07683987
0.11094827
0.11392966
0.10970007
0.10950136
0.09725204
0.07676386
0.10377239
0.07596361
0.09731144
0.10217617
0.07683987
0
0.09159177
0.10713665
0.10136618
0.11166998
0.09965944
0.03656405
0.10247815
0.07089787
0.09036917
0.03670122
0.11094827
0.09159177
0
0.10692665
0.10116286
0.10870587
0.06557773
0.09089983
0.1044633
0.08887189
0.09418269
0.11175256
0.11392966
0.10713665
0.10692665
0
0.0659878
0.07774169
0.10124976
0.10639717
0.06620039
0.09567893
0.09699143
0.10525165
0.10970007
0.10136618
0.10116286
0.0659878
0
0.07783997
0.0916062
0.09986384
0.05926281
0.0919747
0.09389446
0.11472932
0.10950136
0.11166998
0.10870587
0.07774169
0.07783997
0
0.09432324
0.11033702
0.07995708
0.09426458
0.08493531
0.068833
0.09725204
0.09965944
0.06557773
0.10124976
0.0916062
0.09432324
0
0.09579776
0.0858609
0.08423488
0.07224904
0.0994188
0.07676386
0.03656405
0.09089983
0.10639717
0.09986384
0.11033702
0.09579776
0
0.1024231
0.0684409
0.0886792
0.10700205
0.10377239
0.10247815
0.1044633
0.06620039
0.05926281
0.07995708
0.0858609
0.1024231
0
0.09423291
0.09463891
0.10054455
0.07596361
0.07089787
0.08887189
0.09567893
0.0919747
0.09426458
0.08423488
0.0684409
0.09423291
0
0.08265578
0.09904876
0.09731144
0.09036917
0.09418269
0.09699143
0.09389446
0.08493531
0.07224904
0.0886792
0.09463891
0.08265578
0
