11
0
0.13171651
0.15717359
0.138994
0.12543841
0.13942355
0.13363278
0.13095233
0.13170619
0.10203658
0.13066131
0.13171651
0
0.15722603
0.13799479
0.1376269
0.12549693
0.13829367
0.11949919
0.14093867
0.12952958
0.11140598
0.15717359
0.15722603
0
0.12931489
0.14005088
0.14076541
0.12548167
0.14224838
0.12460601
0.13864128
0.14172105
0.138994
0.13799479
0.12931489
0
0.13820422
0.12119398
0.12302913
0.12412003
0.0869927
0.13599497
0.12910432
0.12543841
0.1376269
0.14005088
0.13820422
0
0.120756
0.11492912
0.11389382
0.1178138
0.11718187
0.12085933
0.13942355
0.12549693
0.14076541
0.12119398
0.120756
0
0.10931146
0.11348304
0.11960413
0.12855163
0.11502678
0.13363278
0.13829367
0.12548167
0.12302913
0.11492912
0.10931146
0
0.12965887
0.11522785
0.12537321
0.11598707
0.13095233
0.11949919
0.14224838
0.12412003
0.11389382
0.11348304
0.12965887
0
0.11521944
0.12332333
0.11162768
0.13170619
0.14093867
0.12460601
0.0869927
0.1178138
0.11960413
0.11522785
0.11521944
0
0.12743805
0.11945245
0.10203658
0.12952958
0.13864128
0.13599497
0.11718187
0.12855163
0.12537321
0.12332333
0.12743805
0
0.11528869
0.13066131
0.11140598
0.14172105
0.12910432
0.12085933
0.11502678
0.11598707
0.11162768
0.11945245
0.11528869
0
