12
0
0.16503977
0.15173091
0.10198937
0.1488617
0.14920783
0.14947356
0.14784446
0.15196888
0.15128378
0.10379472
0.03649054
0.16503977
0
0.14255129
0.15717359
0.138994
0.12543841
0.13942355
0.13363278
0.13095233
0.10203658
0.15607864
0.15605609
0.15173091
0.14255129
0
0.1575792
0.13823654
0.13386928
0.13828741
0.13509036
0.13411904
0.1261875
0.15647313
0.14582366
0.10198937
0.15717359
0.1575792
0
0.12931489
0.14005088
0.14076541
0.12548167
0.14224838
0.13864128
0.00478968
0.09831822
0.1488617
0.138994
0.13823654
0.12931489
0
0.13820422
0.12119398
0.12302913
0.12412003
0.13599497
0.12927214
0.14479475
0.14920783
0.12543841
0.13386928
0.14005088
0.13820422
0
0.120756
0.11492912
0.11389382
0.11718187
0.13998092
0.13765989
0.14947356
0.13942355
0.13828741
0.14076541
0.12119398
0.120756
0
0.10931146
0.11348304
0.12855163
0.14263728
0.13770658
0.14784446
0.13363278
0.13509036
0.12548167
0.12302913
0.11492912
0.10931146
0
0.12965887
0.12537321
0.12454773
0.1381262
0.15196888
0.13095233
0.13411904
0.14224838
0.12412003
0.11389382
0.11348304
0.12965887
0
0.12332333
0.14219893
0.14316691
0.15128378
0.10203658
0.1261875
0.13864128
0.13599497
0.11718187
0.12855163
0.12537321
0.12332333
0
0.13757395
0.14338751
0.10379472
0.15607864
0.15647313
0.00478968
0.12927214
0.13998092
0.14263728
0.12454773
0.14219893
0.13757395
0
0.10009922
0.03649054
0.15605609
0.14582366
0.09831822
0.14479475
0.13765989
0.13770658
0.1381262
0.14316691
0.14338751
0.10009922
0
