8
0
0.14255129
0.13171651
0.13831496
0.10203658
0.15607864
0.12315935
0.15605609
0.14255129
0
0.14647812
0.01329563
0.1261875
0.15647313
0.13676702
0.14582366
0.13171651
0.14647812
0
0.14498556
0.12952958
0.15717884
0.13201686
0.15138444
0.13831496
0.01329563
0.14498556
0
0.12277781
0.15591996
0.13358526
0.14335105
0.10203658
0.1261875
0.12952958
0.12277781
0
0.13757395
0.1156535
0.14338751
0.15607864
0.15647313
0.15717884
0.15591996
0.13757395
0
0.14142707
0.10009922
0.12315935
0.13676702
0.13201686
0.13358526
0.1156535
0.14142707
0
0.13657318
0.15605609
0.14582366
0.15138444
0.14335105
0.14338751
0.10009922
0.13657318
0
