8
0
0.16503977
0.16016271
0.15173091
0.16248017
0.10198937
0.1488617
0.14920783
0.16503977
0
0.14514361
0.14255129
0.13171651
0.15717359
0.138994
0.12543841
0.16016271
0.14514361
0
0.14519882
0.14465692
0.14848721
0.13726844
0.12512198
0.15173091
0.14255129
0.14519882
0
0.14647812
0.1575792
0.13823654
0.13386928
0.16248017
0.13171651
0.14465692
0.14647812
0
0.15722603
0.13799479
0.1376269
0.10198937
0.15717359
0.14848721
0.1575792
0.15722603
0
0.12931489
0.14005088
0.1488617
0.138994
0.13726844
0.13823654
0.13799479
0.12931489
0
0.13820422
0.14920783
0.12543841
0.12512198
0.13386928
0.1376269
0.14005088
0.13820422
0
