11
0
0.16016271
0.15173091
0.16248017
0.10198937
0.1488617
0.14920783
0.14086591
0.01370639
0.14784446
0.10379472
0.16016271
0
0.14519882
0.14465692
0.14848721
0.13726844
0.12512198
0.13580245
0.15631336
0.12955413
0.14842221
0.15173091
0.14519882
0
0.14647812
0.1575792
0.13823654
0.13386928
0.14266617
0.1478117
0.13509036
0.15647313
0.16248017
0.14465692
0.14647812
0
0.15722603
0.13799479
0.1376269
0.13883123
0.15832818
0.13829367
0.15717884
0.10198937
0.14848721
0.1575792
0.15722603
0
0.12931489
0.14005088
0.1328751
0.09820465
0.12548167
0.00478968
0.1488617
0.13726844
0.13823654
0.13799479
0.12931489
0
0.13820422
0.13234125
0.14232296
0.12302913
0.12927214
0.14920783
0.12512198
0.13386928
0.1376269
0.14005088
0.13820422
0
0.12608326
0.14546585
0.11492912
0.13998092
0.14086591
0.13580245
0.14266617
0.13883123
0.1328751
0.13234125
0.12608326
0
0.13320877
0.1409924
0.13089773
0.01370639
0.15631336
0.1478117
0.15832818
0.09820465
0.14232296
0.14546585
0.13320877
0
0.14406709
0.09998594
0.14784446
0.12955413
0.13509036
0.13829367
0.12548167
0.12302913
0.11492912
0.1409924
0.14406709
0
0.12454773
0.10379472
0.14842221
0.15647313
0.15717884
0.00478968
0.12927214
0.13998092
0.13089773
0.09998594
0.12454773
0
