12
0
0.14514361
0.13171651
0.138994
0.12543841
0.16011708
0.13363278
0.13170619
0.15607864
0.13066131
0.12315935
0.15605609
0.14514361
0
0.14465692
0.13726844
0.12512198
0.15631336
0.12955413
0.13096253
0.14842221
0.13030168
0.12707821
0.14921392
0.13171651
0.14465692
0
0.13799479
0.1376269
0.15832818
0.13829367
0.14093867
0.15717884
0.11140598
0.13201686
0.15138444
0.138994
0.13726844
0.13799479
0
0.13820422
0.14232296
0.12302913
0.0869927
0.12927214
0.12910432
0.12325493
0.14479475
0.12543841
0.12512198
0.1376269
0.13820422
0
0.14546585
0.11492912
0.1178138
0.13998092
0.12085933
0.11691797
0.13765989
0.16011708
0.15631336
0.15832818
0.14232296
0.14546585
0
0.14406709
0.15044288
0.09998594
0.14338088
0.13772051
0.03408739
0.13363278
0.12955413
0.13829367
0.12302913
0.11492912
0.14406709
0
0.11522785
0.12454773
0.11598707
0.10771517
0.1381262
0.13170619
0.13096253
0.14093867
0.0869927
0.1178138
0.15044288
0.11522785
0
0.125543
0.11945245
0.1143916
0.14786799
0.15607864
0.14842221
0.15717884
0.12927214
0.13998092
0.09998594
0.12454773
0.125543
0
0.14167991
0.14142707
0.10009922
0.13066131
0.13030168
0.11140598
0.12910432
0.12085933
0.14338088
0.11598707
0.11945245
0.14167991
0
0.11753182
0.13376463
0.12315935
0.12707821
0.13201686
0.12325493
0.11691797
0.13772051
0.10771517
0.1143916
0.14142707
0.11753182
0
0.13657318
0.15605609
0.14921392
0.15138444
0.14479475
0.13765989
0.03408739
0.1381262
0.14786799
0.10009922
0.13376463
0.13657318
0
