8
0
0.13828741
0.1478117
0.13509036
0.14129472
0.1261875
0.13676702
0.14582366
0.13828741
0
0.1464131
0.10931146
0.11960413
0.12855163
0.1246474
0.13770658
0.1478117
0.1464131
0
0.14406709
0.15044288
0.14366453
0.13772051
0.03408739
0.13509036
0.10931146
0.14406709
0
0.11522785
0.12537321
0.10771517
0.1381262
0.14129472
0.11960413
0.15044288
0.11522785
0
0.12743805
0.1143916
0.14786799
0.1261875
0.12855163
0.14366453
0.12537321
0.12743805
0
0.1156535
0.14338751
0.13676702
0.1246474
0.13772051
0.10771517
0.1143916
0.1156535
0
0.13657318
0.14582366
0.13770658
0.03408739
0.1381262
0.14786799
0.14338751
0.13657318
0
