9
0
0.16503977
0.15173091
0.16248017
0.1488617
0.14784446
0.15196888
0.15432357
0.14921758
0.16503977
0
0.14255129
0.13171651
0.138994
0.13363278
0.13095233
0.13170619
0.13066131
0.15173091
0.14255129
0
0.14647812
0.13823654
0.13509036
0.13411904
0.14129472
0.13543697
0.16248017
0.13171651
0.14647812
0
0.13799479
0.13829367
0.11949919
0.14093867
0.11140598
0.1488617
0.138994
0.13823654
0.13799479
0
0.12302913
0.12412003
0.0869927
0.12910432
0.14784446
0.13363278
0.13509036
0.13829367
0.12302913
0
0.12965887
0.11522785
0.11598707
0.15196888
0.13095233
0.13411904
0.11949919
0.12412003
0.12965887
0
0.11521944
0.11162768
0.15432357
0.13170619
0.14129472
0.14093867
0.0869927
0.11522785
0.11521944
0
0.11945245
0.14921758
0.13066131
0.13543697
0.11140598
0.12910432
0.11598707
0.11162768
0.11945245
0
