8
0
0.14519882
0.14848721
0.12512198
0.13020548
0.14842221
0.13030168
0.12707821
0.14519882
0
0.1575792
0.13386928
0.13828741
0.15647313
0.13543697
0.13676702
0.14848721
0.1575792
0
0.14005088
0.14076541
0.00478968
0.14172105
0.14047677
0.12512198
0.13386928
0.14005088
0
0.120756
0.13998092
0.12085933
0.11691797
0.13020548
0.13828741
0.14076541
0.120756
0
0.14263728
0.11502678
0.1246474
0.14842221
0.15647313
0.00478968
0.13998092
0.14263728
0
0.14167991
0.14142707
0.13030168
0.13543697
0.14172105
0.12085933
0.11502678
0.14167991
0
0.11753182
0.12707821
0.13676702
0.14047677
0.11691797
0.1246474
0.14142707
0.11753182
0
