9
0
0.14255129
0.15717359
0.11512481
0.13095233
0.10203658
0.15607864
0.13066131
0.15605609
0.14255129
0
0.1575792
0.14266617
0.13411904
0.1261875
0.15647313
0.13543697
0.14582366
0.15717359
0.1575792
0
0.1328751
0.14224838
0.13864128
0.00478968
0.14172105
0.09831822
0.11512481
0.14266617
0.1328751
0
0.12978177
0.116208
0.13089773
0.13053137
0.13857913
0.13095233
0.13411904
0.14224838
0.12978177
0
0.12332333
0.14219893
0.11162768
0.14316691
0.10203658
0.1261875
0.13864128
0.116208
0.12332333
0
0.13757395
0.11528869
0.14338751
0.15607864
0.15647313
0.00478968
0.13089773
0.14219893
0.13757395
0
0.14167991
0.10009922
0.13066131
0.13543697
0.14172105
0.13053137
0.11162768
0.11528869
0.14167991
0
0.13376463
0.15605609
0.14582366
0.09831822
0.13857913
0.14316691
0.14338751
0.10009922
0.13376463
0
