9
0
0.15173091
0.14920783
0.14947356
0.14086591
0.01370639
0.14784446
0.14921758
0.03649054
0.15173091
0
0.13386928
0.13828741
0.14266617
0.1478117
0.13509036
0.13543697
0.14582366
0.14920783
0.13386928
0
0.120756
0.12608326
0.14546585
0.11492912
0.12085933
0.13765989
0.14947356
0.13828741
0.120756
0
0.13049075
0.1464131
0.10931146
0.11502678
0.13770658
0.14086591
0.14266617
0.12608326
0.13049075
0
0.13320877
0.1409924
0.13053137
0.13857913
0.01370639
0.1478117
0.14546585
0.1464131
0.13320877
0
0.14406709
0.14338088
0.03408739
0.14784446
0.13509036
0.11492912
0.10931146
0.1409924
0.14406709
0
0.11598707
0.1381262
0.14921758
0.13543697
0.12085933
0.11502678
0.13053137
0.14338088
0.11598707
0
0.13376463
0.03649054
0.14582366
0.13765989
0.13770658
0.13857913
0.03408739
0.1381262
0.13376463
0
