10
0
0.16503977
0.15173091
0.10198937
0.1488617
0.14920783
0.14947356
0.10379472
0.14921758
0.1414448
0.16503977
0
0.14255129
0.15717359
0.138994
0.12543841
0.13942355
0.15607864
0.13066131
0.12315935
0.15173091
0.14255129
0
0.1575792
0.13823654
0.13386928
0.13828741
0.15647313
0.13543697
0.13676702
0.10198937
0.15717359
0.1575792
0
0.12931489
0.14005088
0.14076541
0.00478968
0.14172105
0.14047677
0.1488617
0.138994
0.13823654
0.12931489
0
0.13820422
0.12119398
0.12927214
0.12910432
0.12325493
0.14920783
0.12543841
0.13386928
0.14005088
0.13820422
0
0.120756
0.13998092
0.12085933
0.11691797
0.14947356
0.13942355
0.13828741
0.14076541
0.12119398
0.120756
0
0.14263728
0.11502678
0.1246474
0.10379472
0.15607864
0.15647313
0.00478968
0.12927214
0.13998092
0.14263728
0
0.14167991
0.14142707
0.14921758
0.13066131
0.13543697
0.14172105
0.12910432
0.12085933
0.11502678
0.14167991
0
0.11753182
0.1414448
0.12315935
0.13676702
0.14047677
0.12325493
0.11691797
0.1246474
0.14142707
0.11753182
0
