11
0
0.16503977
0.16016271
0.15173091
0.16248017
0.10198937
0.1488617
0.14920783
0.14947356
0.14086591
0.01370639
0.16503977
0
0.14514361
0.14255129
0.13171651
0.15717359
0.138994
0.12543841
0.13942355
0.11512481
0.16011708
0.16016271
0.14514361
0
0.14519882
0.14465692
0.14848721
0.13726844
0.12512198
0.13020548
0.13580245
0.15631336
0.15173091
0.14255129
0.14519882
0
0.14647812
0.1575792
0.13823654
0.13386928
0.13828741
0.14266617
0.1478117
0.16248017
0.13171651
0.14465692
0.14647812
0
0.15722603
0.13799479
0.1376269
0.12549693
0.13883123
0.15832818
0.10198937
0.15717359
0.14848721
0.1575792
0.15722603
0
0.12931489
0.14005088
0.14076541
0.1328751
0.09820465
0.1488617
0.138994
0.13726844
0.13823654
0.13799479
0.12931489
0
0.13820422
0.12119398
0.13234125
0.14232296
0.14920783
0.12543841
0.12512198
0.13386928
0.1376269
0.14005088
0.13820422
0
0.120756
0.12608326
0.14546585
0.14947356
0.13942355
0.13020548
0.13828741
0.12549693
0.14076541
0.12119398
0.120756
0
0.13049075
0.1464131
0.14086591
0.11512481
0.13580245
0.14266617
0.13883123
0.1328751
0.13234125
0.12608326
0.13049075
0
0.13320877
0.01370639
0.16011708
0.15631336
0.1478117
0.15832818
0.09820465
0.14232296
0.14546585
0.1464131
0.13320877
0
