11
0
0.16016271
0.15173091
0.14920783
0.14086591
0.01370639
0.15118112
0.15196888
0.15432357
0.15128378
0.1414448
0.16016271
0
0.14519882
0.12512198
0.13580245
0.15631336
0.14187425
0.13127885
0.13096253
0.13302282
0.12707821
0.15173091
0.14519882
0
0.13386928
0.14266617
0.1478117
0.01329563
0.13411904
0.14129472
0.1261875
0.13676702
0.14920783
0.12512198
0.13386928
0
0.12608326
0.14546585
0.12873855
0.11389382
0.1178138
0.11718187
0.11691797
0.14086591
0.13580245
0.14266617
0.12608326
0
0.13320877
0.14210863
0.12978177
0.13053445
0.116208
0.12705103
0.01370639
0.15631336
0.1478117
0.14546585
0.13320877
0
0.14726871
0.14817276
0.15044288
0.14366453
0.13772051
0.15118112
0.14187425
0.01329563
0.12873855
0.14210863
0.14726871
0
0.13072393
0.14171164
0.12277781
0.13358526
0.15196888
0.13127885
0.13411904
0.11389382
0.12978177
0.14817276
0.13072393
0
0.11521944
0.12332333
0.12322156
0.15432357
0.13096253
0.14129472
0.1178138
0.13053445
0.15044288
0.14171164
0.11521944
0
0.12743805
0.1143916
0.15128378
0.13302282
0.1261875
0.11718187
0.116208
0.14366453
0.12277781
0.12332333
0.12743805
0
0.1156535
0.1414448
0.12707821
0.13676702
0.11691797
0.12705103
0.13772051
0.13358526
0.12322156
0.1143916
0.1156535
0
