12
0
0.16503977
0.15173091
0.16248017
0.1488617
0.14920783
0.14086591
0.01370639
0.14784446
0.15118112
0.15128378
0.03649054
0.16503977
0
0.14255129
0.13171651
0.138994
0.12543841
0.11512481
0.16011708
0.13363278
0.13831496
0.10203658
0.15605609
0.15173091
0.14255129
0
0.14647812
0.13823654
0.13386928
0.14266617
0.1478117
0.13509036
0.01329563
0.1261875
0.14582366
0.16248017
0.13171651
0.14647812
0
0.13799479
0.1376269
0.13883123
0.15832818
0.13829367
0.14498556
0.12952958
0.15138444
0.1488617
0.138994
0.13823654
0.13799479
0
0.13820422
0.13234125
0.14232296
0.12302913
0.13872774
0.13599497
0.14479475
0.14920783
0.12543841
0.13386928
0.1376269
0.13820422
0
0.12608326
0.14546585
0.11492912
0.12873855
0.11718187
0.13765989
0.14086591
0.11512481
0.14266617
0.13883123
0.13234125
0.12608326
0
0.13320877
0.1409924
0.14210863
0.116208
0.13857913
0.01370639
0.16011708
0.1478117
0.15832818
0.14232296
0.14546585
0.13320877
0
0.14406709
0.14726871
0.14366453
0.03408739
0.14784446
0.13363278
0.13509036
0.13829367
0.12302913
0.11492912
0.1409924
0.14406709
0
0.13190333
0.12537321
0.1381262
0.15118112
0.13831496
0.01329563
0.14498556
0.13872774
0.12873855
0.14210863
0.14726871
0.13190333
0
0.12277781
0.14335105
0.15128378
0.10203658
0.1261875
0.12952958
0.13599497
0.11718187
0.116208
0.14366453
0.12537321
0.12277781
0
0.14338751
0.03649054
0.15605609
0.14582366
0.15138444
0.14479475
0.13765989
0.13857913
0.03408739
0.1381262
0.14335105
0.14338751
0
