10
0
0.14255129
0.13171651
0.12543841
0.13942355
0.11512481
0.13170619
0.13066131
0.12315935
0.15605609
0.14255129
0
0.14647812
0.13386928
0.13828741
0.14266617
0.14129472
0.13543697
0.13676702
0.14582366
0.13171651
0.14647812
0
0.1376269
0.12549693
0.13883123
0.14093867
0.11140598
0.13201686
0.15138444
0.12543841
0.13386928
0.1376269
0
0.120756
0.12608326
0.1178138
0.12085933
0.11691797
0.13765989
0.13942355
0.13828741
0.12549693
0.120756
0
0.13049075
0.11960413
0.11502678
0.1246474
0.13770658
0.11512481
0.14266617
0.13883123
0.12608326
0.13049075
0
0.13053445
0.13053137
0.12705103
0.13857913
0.13170619
0.14129472
0.14093867
0.1178138
0.11960413
0.13053445
0
0.11945245
0.1143916
0.14786799
0.13066131
0.13543697
0.11140598
0.12085933
0.11502678
0.13053137
0.11945245
0
0.11753182
0.13376463
0.12315935
0.13676702
0.13201686
0.11691797
0.1246474
0.12705103
0.1143916
0.11753182
0
0.13657318
0.15605609
0.14582366
0.15138444
0.13765989
0.13770658
0.13857913
0.14786799
0.13376463
0.13657318
0
