10
0
0.15173091
0.10198937
0.1488617
0.14947356
0.15118112
0.15196888
0.15128378
0.14921758
0.1414448
0.15173091
0
0.1575792
0.13823654
0.13828741
0.01329563
0.13411904
0.1261875
0.13543697
0.13676702
0.10198937
0.1575792
0
0.12931489
0.14076541
0.15703256
0.14224838
0.13864128
0.14172105
0.14047677
0.1488617
0.13823654
0.12931489
0
0.12119398
0.13872774
0.12412003
0.13599497
0.12910432
0.12325493
0.14947356
0.13828741
0.14076541
0.12119398
0
0.13570392
0.11348304
0.12855163
0.11502678
0.1246474
0.15118112
0.01329563
0.15703256
0.13872774
0.13570392
0
0.13072393
0.12277781
0.13132632
0.13358526
0.15196888
0.13411904
0.14224838
0.12412003
0.11348304
0.13072393
0
0.12332333
0.11162768
0.12322156
0.15128378
0.1261875
0.13864128
0.13599497
0.12855163
0.12277781
0.12332333
0
0.11528869
0.1156535
0.14921758
0.13543697
0.14172105
0.12910432
0.11502678
0.13132632
0.11162768
0.11528869
0
0.11753182
0.1414448
0.13676702
0.14047677
0.12325493
0.1246474
0.13358526
0.12322156
0.1156535
0.11753182
0
