10
0
0.10721152
0.14382403
0.04016229
0.13493872
0.1085039
0.09978908
0.05968344
0.10582508
0.01775105
0.10721152
0
0.11782623
0.10136554
0.10932803
0.06320376
0.0360759
0.09967541
0.03240059
0.10192345
0.14382403
0.11782623
0
0.13447913
0.01449431
0.10810885
0.11819332
0.12785834
0.10640397
0.13529958
0.04016229
0.10136554
0.13447913
0
0.12575515
0.09399351
0.08971494
0.04764137
0.09735438
0.03641122
0.13493872
0.10932803
0.01449431
0.12575515
0
0.09956612
0.1096686
0.11911686
0.09800378
0.1265318
0.1085039
0.06320376
0.10810885
0.09399351
0.09956612
0
0.05549602
0.08787292
0.06321566
0.10305251
0.09978908
0.0360759
0.11819332
0.08971494
0.1096686
0.05549602
0
0.08797275
0.03608323
0.09446894
0.05968344
0.09967541
0.12785834
0.04764137
0.11911686
0.08787292
0.08797275
0
0.09836365
0.06371672
0.10582508
0.03240059
0.10640397
0.09735438
0.09800378
0.06321566
0.03608323
0.09836365
0
0.0978921
0.01775105
0.10192345
0.13529958
0.03641122
0.1265318
0.10305251
0.09446894
0.06371672
0.0978921
0
