11
0
0.24680947
0.19483962
0.18918108
0.18030049
0.1843422
0.2146506
0.19039501
0.17151242
0.1904425
0.18005918
0.24680947
0
0.17291373
0.14544059
0.14389813
0.14389813
0.07117235
0.17114693
0.14382446
0.17119488
0.13185545
0.19483962
0.17291373
0
0.11569535
0.10721152
0.10294586
0.13493872
0.01777082
0.09978908
0.0213248
0.10337126
0.18918108
0.14544059
0.11569535
0
0.07035488
0.07035488
0.10677798
0.11014569
0.06264227
0.1024242
0.06268005
0.18030049
0.14389813
0.10721152
0.07035488
0
0.00710752
0.10932803
0.1059086
0.0360759
0.09822418
0.02876225
0.1843422
0.14389813
0.10294586
0.07035488
0.00710752
0
0.10932803
0.10168891
0.0360759
0.09404265
0.02876225
0.2146506
0.07117235
0.13493872
0.10677798
0.10932803
0.10932803
0
0.13083079
0.1096686
0.13087509
0.0981396
0.19039501
0.17114693
0.01777082
0.11014569
0.1059086
0.10168891
0.13083079
0
0.09843852
0.01060296
0.10199937
0.17151242
0.14382446
0.09978908
0.06264227
0.0360759
0.0360759
0.1096686
0.09843852
0
0.0907669
0.02874143
0.1904425
0.17119488
0.0213248
0.1024242
0.09822418
0.09404265
0.13087509
0.01060296
0.0907669
0
0.09433138
0.18005918
0.13185545
0.10337126
0.06268005
0.02876225
0.02876225
0.0981396
0.10199937
0.02874143
0.09433138
0
