11
0
0.24223708
0.18918108
0.18030049
0.22481122
0.18840117
0.17151242
0.18594166
0.1904425
0.18005918
0.18030807
0.24223708
0
0.13122201
0.13354726
0.02168845
0.12222721
0.13395856
0.13992435
0.1440672
0.1222381
0.12970611
0.18918108
0.13122201
0
0.07035488
0.11534533
0.07017523
0.06264227
0.11017863
0.1024242
0.06268005
0.06664273
0.18030049
0.13354726
0.07035488
0
0.11782623
0.03601337
0.0360759
0.10189126
0.09822418
0.02876225
0.0035534
0.22481122
0.02168845
0.11534533
0.11782623
0
0.1143696
0.11819332
0.13558387
0.13970817
0.10655056
0.11400363
0.18840117
0.12222721
0.07017523
0.03601337
0.1143696
0
0.03598714
0.09381213
0.09015966
0.01427627
0.03240802
0.17151242
0.13395856
0.06264227
0.0360759
0.11819332
0.03598714
0
0.09443851
0.0907669
0.02874143
0.03246425
0.18594166
0.13992435
0.11017863
0.10189126
0.13558387
0.09381213
0.09443851
0
0.02858743
0.0979961
0.09810982
0.1904425
0.1440672
0.1024242
0.09822418
0.13970817
0.09015966
0.0907669
0.02858743
0
0.09433138
0.09444036
0.18005918
0.1222381
0.06268005
0.02876225
0.10655056
0.01427627
0.02874143
0.0979961
0.09433138
0
0.02516408
0.18030807
0.12970611
0.06664273
0.0035534
0.11400363
0.03240802
0.03246425
0.09810982
0.09444036
0.02516408
0
