9
0
0.19483962
0.2146506
0.19039501
0.18193939
0.19051146
0.17983185
0.18005918
0.17537023
0.19483962
0
0.13493872
0.01777082
0.1085039
0.01064085
0.10582508
0.10337126
0.05490787
0.2146506
0.13493872
0
0.13083079
0.09956612
0.13089448
0.09800378
0.0981396
0.12134098
0.19039501
0.01777082
0.13083079
0
0.10299096
0.01419619
0.10185935
0.10199937
0.04739003
0.18193939
0.1085039
0.09956612
0.10299096
0
0.10713106
0.06321566
0.05552975
0.0821524
0.19051146
0.01064085
0.13089448
0.01419619
0.10713106
0
0.10190306
0.10204321
0.05117783
0.17983185
0.10582508
0.09800378
0.10185935
0.06321566
0.10190306
0
0.01431409
0.09315373
0.18005918
0.10337126
0.0981396
0.10199937
0.05552975
0.10204321
0.01431409
0
0.09328224
0.17537023
0.05490787
0.12134098
0.04739003
0.0821524
0.05117783
0.09315373
0.09328224
0
