12
0
0.14820446
0.11569535
0.10721152
0.14382403
0.05903337
0.10294586
0.07898342
0.0286373
0.05968344
0.0213248
0.10337126
0.14820446
0
0.13122201
0.13354726
0.02168845
0.13020646
0.13354726
0.12715394
0.13992435
0.13586646
0.1440672
0.1222381
0.11569535
0.13122201
0
0.07035488
0.11534533
0.1066967
0.07035488
0.09037392
0.11017863
0.09506472
0.1024242
0.06268005
0.10721152
0.13354726
0.07035488
0
0.11782623
0.10263447
0.00710752
0.085581
0.10189126
0.09967541
0.09822418
0.02876225
0.14382403
0.02168845
0.11534533
0.11782623
0
0.13046732
0.11782623
0.11922139
0.13558387
0.12785834
0.13970817
0.10655056
0.05903337
0.13020646
0.1066967
0.10263447
0.13046732
0
0.10263447
0.07052196
0.05913214
0.04409437
0.06679008
0.09883816
0.10294586
0.13354726
0.07035488
0.00710752
0.11782623
0.10263447
0
0.085581
0.09769737
0.09967541
0.09404265
0.02876225
0.07898342
0.12715394
0.09037392
0.085581
0.11922139
0.07052196
0.085581
0
0.07116697
0.06736879
0.0751209
0.08571701
0.0286373
0.13992435
0.11017863
0.10189126
0.13558387
0.05913214
0.09769737
0.07116697
0
0.05989006
0.02858743
0.0979961
0.05968344
0.13586646
0.09506472
0.09967541
0.12785834
0.04409437
0.09967541
0.06736879
0.05989006
0
0.06376601
0.09586268
0.0213248
0.1440672
0.1024242
0.09822418
0.13970817
0.06679008
0.09404265
0.0751209
0.02858743
0.06376601
0
0.09433138
0.10337126
0.1222381
0.06268005
0.02876225
0.10655056
0.09883816
0.02876225
0.08571701
0.0979961
0.09586268
0.09433138
0
