11
0
0.18918108
0.18030049
0.1843422
0.17558705
0.1589958
0.17557018
0.21427093
0.19051146
0.17151242
0.1904425
0.18918108
0
0.07035488
0.07035488
0.10528721
0.09037392
0.09483779
0.10660738
0.11429206
0.06264227
0.1024242
0.18030049
0.07035488
0
0.00710752
0.10136554
0.085581
0.09943472
0.10915504
0.10595488
0.0360759
0.09822418
0.1843422
0.07035488
0.00710752
0
0.09719237
0.085581
0.09943472
0.10915504
0.10173244
0.0360759
0.09404265
0.17558705
0.10528721
0.10136554
0.09719237
0
0.06668526
0.04753097
0.12555313
0.03646223
0.08971494
0.04009044
0.1589958
0.09037392
0.085581
0.085581
0.06668526
0
0.06720967
0.11044002
0.07511784
0.07801529
0.0751209
0.17557018
0.09483779
0.09943472
0.09943472
0.04753097
0.06720967
0
0.11863542
0.06365667
0.0877619
0.06361543
0.21427093
0.10660738
0.10915504
0.10915504
0.12555313
0.11044002
0.11863542
0
0.13068215
0.10949459
0.13066292
0.19051146
0.11429206
0.10595488
0.10173244
0.03646223
0.07511784
0.06365667
0.13068215
0
0.09848029
0.01774508
0.17151242
0.06264227
0.0360759
0.0360759
0.08971494
0.07801529
0.0877619
0.10949459
0.09848029
0
0.0907669
0.1904425
0.1024242
0.09822418
0.09404265
0.04009044
0.0751209
0.06361543
0.13066292
0.01774508
0.0907669
0
