8
0
0.14820446
0.10294586
0.07898342
0.01777082
0.09912891
0.05968344
0.10582508
0.14820446
0
0.13354726
0.12715394
0.14402114
0.12222721
0.13586646
0.12207381
0.10294586
0.13354726
0
0.085581
0.10168891
0.02870304
0.09967541
0.03240059
0.07898342
0.12715394
0.085581
0
0.07508915
0.08570435
0.06736879
0.08559741
0.01777082
0.14402114
0.10168891
0.07508915
0
0.0977897
0.06378439
0.10185935
0.09912891
0.12222721
0.02870304
0.08570435
0.0977897
0
0.09584952
0.0215067
0.05968344
0.13586646
0.09967541
0.06736879
0.06378439
0.09584952
0
0.09836365
0.10582508
0.12207381
0.03240059
0.08559741
0.10185935
0.0215067
0.09836365
0
