12
0
0.14820446
0.10721152
0.14382403
0.10294586
0.04016229
0.05954634
0.01777082
0.10582508
0.05485077
0.10337126
0.01775105
0.14820446
0
0.13354726
0.02168845
0.13354726
0.13879038
0.13553223
0.14402114
0.12207381
0.13411694
0.1222381
0.13963136
0.10721152
0.13354726
0
0.11782623
0.00710752
0.10136554
0.09943472
0.1059086
0.03240059
0.08940466
0.02876225
0.10192345
0.14382403
0.02168845
0.11782623
0
0.11782623
0.13447913
0.12754448
0.13561278
0.10640397
0.12984448
0.10655056
0.13529958
0.10294586
0.13354726
0.00710752
0.11782623
0
0.09719237
0.09943472
0.10168891
0.03240059
0.08164385
0.02876225
0.09772845
0.04016229
0.13879038
0.10136554
0.13447913
0.09719237
0
0.04753097
0.03645108
0.09735438
0.04321404
0.0974883
0.03641122
0.05954634
0.13553223
0.09943472
0.12754448
0.09943472
0.04753097
0
0.06363368
0.09812861
0.05890865
0.09563227
0.0635663
0.01777082
0.14402114
0.1059086
0.13561278
0.10168891
0.03645108
0.06363368
0
0.10185935
0.047341
0.10199937
0.01417661
0.10582508
0.12207381
0.03240059
0.10640397
0.03240059
0.09735438
0.09812861
0.10185935
0
0.09305451
0.01431409
0.0978921
0.05485077
0.13411694
0.08940466
0.12984448
0.08164385
0.04321404
0.05890865
0.047341
0.09305451
0
0.09318276
0.05105346
0.10337126
0.1222381
0.02876225
0.10655056
0.02876225
0.0974883
0.09563227
0.10199937
0.01431409
0.09318276
0
0.09802733
0.01775105
0.13963136
0.10192345
0.13529958
0.09772845
0.03641122
0.0635663
0.01417661
0.0978921
0.05105346
0.09802733
0
