12
0
0.24680947
0.22481122
0.17874823
0.17558705
0.17557018
0.18840117
0.19051146
0.17151242
0.167315
0.17983185
0.17793768
0.24680947
0
0.07095344
0.15454574
0.16980038
0.15167728
0.13987608
0.16631573
0.14382446
0.14759376
0.14028101
0.16484126
0.22481122
0.07095344
0
0.13046732
0.13447913
0.12754448
0.1143696
0.13510717
0.11819332
0.12785834
0.10640397
0.12984448
0.17874823
0.15454574
0.13046732
0
0.06236009
0.05152077
0.09095855
0.06310955
0.09100301
0.04409437
0.09761352
0.0658381
0.17558705
0.16980038
0.13447913
0.06236009
0
0.04753097
0.09332517
0.03646223
0.08971494
0.04764137
0.09735438
0.04321404
0.17557018
0.15167728
0.12754448
0.05152077
0.04753097
0
0.09561915
0.06365667
0.0877619
0.0071393
0.09812861
0.05890865
0.18840117
0.13987608
0.1143696
0.09095855
0.09332517
0.09561915
0
0.09783087
0.03598714
0.09584952
0.0215067
0.08539188
0.19051146
0.16631573
0.13510717
0.06310955
0.03646223
0.06365667
0.09783087
0
0.09848029
0.06380751
0.10190306
0.0511247
0.17151242
0.14382446
0.11819332
0.09100301
0.08971494
0.0877619
0.03598714
0.09848029
0
0.08797275
0.03608323
0.08546671
0.167315
0.14759376
0.12785834
0.04409437
0.04764137
0.0071393
0.09584952
0.06380751
0.08797275
0
0.09836365
0.0590461
0.17983185
0.14028101
0.10640397
0.09761352
0.09735438
0.09812861
0.0215067
0.10190306
0.03608323
0.09836365
0
0.09305451
0.17793768
0.16484126
0.12984448
0.0658381
0.04321404
0.05890865
0.08539188
0.0511247
0.08546671
0.0590461
0.09305451
0
