8
0
0.18918108
0.22481122
0.19039501
0.18840117
0.17983185
0.18005918
0.1859912
0.18918108
0
0.11534533
0.11014569
0.07017523
0.07036767
0.06268005
0.11021291
0.22481122
0.11534533
0
0.13561278
0.1143696
0.10640397
0.10655056
0.13529958
0.19039501
0.11014569
0.13561278
0
0.0977897
0.10185935
0.10199937
0.01417661
0.18840117
0.07017523
0.1143696
0.0977897
0
0.0215067
0.01427627
0.09384224
0.17983185
0.07036767
0.10640397
0.10185935
0.0215067
0
0.01431409
0.0978921
0.18005918
0.06268005
0.10655056
0.10199937
0.01427627
0.01431409
0
0.09802733
0.1859912
0.11021291
0.13529958
0.01417661
0.09384224
0.0978921
0.09802733
0
