9
0
0.24680947
0.19483962
0.24223708
0.18918108
0.18030049
0.19039501
0.22481122
0.17874823
0.24680947
0
0.17291373
0.08623111
0.14544059
0.14389813
0.17114693
0.07095344
0.15454574
0.19483962
0.17291373
0
0.14820446
0.11569535
0.10721152
0.01777082
0.14382403
0.05903337
0.24223708
0.08623111
0.14820446
0
0.13122201
0.13354726
0.14402114
0.02168845
0.13020646
0.18918108
0.14544059
0.11569535
0.13122201
0
0.07035488
0.11014569
0.11534533
0.1066967
0.18030049
0.14389813
0.10721152
0.13354726
0.07035488
0
0.1059086
0.11782623
0.10263447
0.19039501
0.17114693
0.01777082
0.14402114
0.11014569
0.1059086
0
0.13966259
0.063087
0.22481122
0.07095344
0.14382403
0.02168845
0.11534533
0.11782623
0.13966259
0
0.13046732
0.17874823
0.15454574
0.05903337
0.13020646
0.1066967
0.10263447
0.063087
0.13046732
0
