9
0
0.03645108
0.06363368
0.0977897
0.09843852
0.02501428
0.06378439
0.10185935
0.01417661
0.03645108
0
0.04753097
0.09332517
0.08971494
0.03272863
0.04764137
0.09735438
0.03641122
0.06363368
0.04753097
0
0.09561915
0.0877619
0.05974889
0.0071393
0.09812861
0.0635663
0.0977897
0.09332517
0.09561915
0
0.03598714
0.09381213
0.09584952
0.0215067
0.09384224
0.09843852
0.08971494
0.0877619
0.03598714
0
0.09443851
0.08797275
0.03608323
0.09446894
0.02501428
0.03272863
0.05974889
0.09381213
0.09443851
0
0.05989006
0.09786093
0.02498666
0.06378439
0.04764137
0.0071393
0.09584952
0.08797275
0.05989006
0
0.09836365
0.06371672
0.10185935
0.09735438
0.09812861
0.0215067
0.03608323
0.09786093
0.09836365
0
0.0978921
0.01417661
0.03641122
0.0635663
0.09384224
0.09446894
0.02498666
0.06371672
0.0978921
0
