10
0
0.03645108
0.07508915
0.06363368
0.0977897
0.01419619
0.09843852
0.01060296
0.10199937
0.10211867
0.03645108
0
0.06668526
0.04753097
0.09332517
0.03646223
0.08971494
0.04009044
0.0974883
0.09760104
0.07508915
0.06668526
0
0.06720967
0.08570435
0.07511784
0.07801529
0.0751209
0.08571701
0.08184617
0.06363368
0.04753097
0.06720967
0
0.09561915
0.06365667
0.0877619
0.06361543
0.09563227
0.09561044
0.0977897
0.09332517
0.08570435
0.09561915
0
0.09783087
0.03598714
0.09015966
0.01427627
0.03240802
0.01419619
0.03646223
0.07511784
0.06365667
0.09783087
0
0.09848029
0.01774508
0.10204321
0.10216264
0.09843852
0.08971494
0.07801529
0.0877619
0.03598714
0.09848029
0
0.0907669
0.02874143
0.03246425
0.01060296
0.04009044
0.0751209
0.06361543
0.09015966
0.01774508
0.0907669
0
0.09433138
0.09444036
0.10199937
0.0974883
0.08571701
0.09563227
0.01427627
0.10204321
0.02874143
0.09433138
0
0.02516408
0.10211867
0.09760104
0.08184617
0.09561044
0.03240802
0.10216264
0.03246425
0.09444036
0.02516408
0
