8
0
0.13020646
0.14402114
0.12222721
0.1394316
0.13395856
0.12571191
0.13586646
0.13020646
0
0.063087
0.09095855
0.06310955
0.09100301
0.10274245
0.04409437
0.14402114
0.063087
0
0.0977897
0.01419619
0.09843852
0.1060193
0.06378439
0.12222721
0.09095855
0.0977897
0
0.09783087
0.03598714
0.0360514
0.09584952
0.1394316
0.06310955
0.01419619
0.09783087
0
0.09848029
0.1060657
0.06380751
0.13395856
0.09100301
0.09843852
0.03598714
0.09848029
0
0.03611407
0.08797275
0.12571191
0.10274245
0.1060193
0.0360514
0.1060657
0.03611407
0
0.09978139
0.13586646
0.04409437
0.06378439
0.09584952
0.06380751
0.08797275
0.09978139
0
