10
0
0.10528721
0.10677798
0.07017523
0.00718271
0.11429206
0.06264227
0.06285483
0.1024242
0.11021291
0.10528721
0
0.12575515
0.09332517
0.09399351
0.03646223
0.08971494
0.10147127
0.04009044
0.03641122
0.10677798
0.12575515
0
0.10587852
0.09956612
0.13089448
0.1096686
0.10162692
0.13087509
0.1265318
0.07017523
0.09332517
0.10587852
0
0.06304212
0.09783087
0.03598714
0.0360514
0.09015966
0.09384224
0.00718271
0.09399351
0.09956612
0.06304212
0
0.10713106
0.05549602
0.05568487
0.0952464
0.10305251
0.11429206
0.03646223
0.13089448
0.09783087
0.10713106
0
0.09848029
0.1060657
0.01774508
0.0141803
0.06264227
0.08971494
0.1096686
0.03598714
0.05549602
0.09848029
0
0.03611407
0.0907669
0.09446894
0.06285483
0.10147127
0.10162692
0.0360514
0.05568487
0.1060657
0.03611407
0
0.0983274
0.10203016
0.1024242
0.04009044
0.13087509
0.09015966
0.0952464
0.01774508
0.0907669
0.0983274
0
0.01772064
0.11021291
0.03641122
0.1265318
0.09384224
0.10305251
0.0141803
0.09446894
0.10203016
0.01772064
0
