9
0
0.17291373
0.16980038
0.07117235
0.07106175
0.13987608
0.14382446
0.14404836
0.14028101
0.17291373
0
0.04016229
0.13493872
0.13471926
0.09912891
0.09978908
0.10732453
0.10582508
0.16980038
0.04016229
0
0.12575515
0.12555313
0.09332517
0.08971494
0.10147127
0.09735438
0.07117235
0.13493872
0.12575515
0
0.00718098
0.10587852
0.1096686
0.10162692
0.09800378
0.07106175
0.13471926
0.12555313
0.00718098
0
0.10571076
0.10949459
0.10146686
0.09784934
0.13987608
0.09912891
0.09332517
0.10587852
0.10571076
0
0.03598714
0.0360514
0.0215067
0.14382446
0.09978908
0.08971494
0.1096686
0.10949459
0.03598714
0
0.03611407
0.03608323
0.14404836
0.10732453
0.10147127
0.10162692
0.10146686
0.0360514
0.03611407
0
0.03243489
0.14028101
0.10582508
0.09735438
0.09800378
0.09784934
0.0215067
0.03608323
0.03243489
0
