10
0
0.02616
0.01654
0.0183186
0.0193849
0.0374914
0.0309532
0.016664
0.0162201
0.00513572
0.02616
0
0.0305557
0.0319238
0.0310599
0.0415941
0.0203098
0.0301029
0.0303793
0.0280565
0.01654
0.0305557
0
0.0109588
0.0183086
0.0408035
0.0321416
0.0183154
0.0170314
0.0177584
0.0183186
0.0319238
0.0109588
0
0.0223065
0.0399557
0.0335972
0.0206768
0.0213599
0.0183403
0.0193849
0.0310599
0.0183086
0.0223065
0
0.0377498
0.0301342
0.016818
0.0121949
0.0182104
0.0374914
0.0415941
0.0408035
0.0399557
0.0377498
0
0.0404837
0.0379198
0.0355758
0.0368674
0.0309532
0.0203098
0.0321416
0.0335972
0.0301342
0.0404837
0
0.0314472
0.0301694
0.0294642
0.016664
0.0301029
0.0183154
0.0206768
0.016818
0.0379198
0.0314472
0
0.0176464
0.0146221
0.0162201
0.0303793
0.0170314
0.0213599
0.0121949
0.0355758
0.0301694
0.0176464
0
0.0177771
0.00513572
0.0280565
0.0177584
0.0183403
0.0182104
0.0368674
0.0294642
0.0146221
0.0177771
0
