12
0
0.0189573
0.0142373
0.0116702
0.0185998
0.0130351
0.0230372
0.0176276
0.0376436
0.0166991
0.0161916
0.0170114
0.0189573
0
0.0154586
0.0144031
0.01654
0.0150104
0.0183186
0.0193849
0.0374914
0.00908106
0.0162201
0.00513572
0.0142373
0.0154586
0
0.0111037
0.0180937
0.0109884
0.0204994
0.0173812
0.0359559
0.01551
0.0154744
0.0153377
0.0116702
0.0144031
0.0111037
0
0.0185372
0.00727557
0.0195903
0.0191449
0.0354296
0.0185529
0.0191202
0.0154291
0.0185998
0.01654
0.0180937
0.0185372
0
0.0149367
0.0109588
0.0183086
0.0408035
0.0161909
0.0170314
0.0177584
0.0130351
0.0150104
0.0109884
0.00727557
0.0149367
0
0.0170626
0.0160695
0.0366391
0.0151104
0.0148813
0.0149587
0.0230372
0.0183186
0.0204994
0.0195903
0.0109588
0.0170626
0
0.0223065
0.0399557
0.019326
0.0213599
0.0183403
0.0176276
0.0193849
0.0173812
0.0191449
0.0183086
0.0160695
0.0223065
0
0.0377498
0.0181243
0.0121949
0.0182104
0.0376436
0.0374914
0.0359559
0.0354296
0.0408035
0.0366391
0.0399557
0.0377498
0
0.0365242
0.0355758
0.0368674
0.0166991
0.00908106
0.01551
0.0185529
0.0161909
0.0151104
0.019326
0.0181243
0.0365242
0
0.0171775
0.0123142
0.0161916
0.0162201
0.0154744
0.0191202
0.0170314
0.0148813
0.0213599
0.0121949
0.0355758
0.0171775
0
0.0177771
0.0170114
0.00513572
0.0153377
0.0154291
0.0177584
0.0149587
0.0183403
0.0182104
0.0368674
0.0123142
0.0177771
0
