9
0
0.0265694
0.0116702
0.0185998
0.0130351
0.0230372
0.0302278
0.0170114
0.0179494
0.0265694
0
0.0269007
0.0305557
0.0269717
0.0319238
0.0203098
0.0280565
0.0293479
0.0116702
0.0269007
0
0.0185372
0.00727557
0.0195903
0.0332123
0.0154291
0.0184539
0.0185998
0.0305557
0.0185372
0
0.0149367
0.0109588
0.0321416
0.0177584
0.0154654
0.0130351
0.0269717
0.00727557
0.0149367
0
0.0170626
0.0303904
0.0149587
0.0155508
0.0230372
0.0319238
0.0195903
0.0109588
0.0170626
0
0.0335972
0.0183403
0.01858
0.0302278
0.0203098
0.0332123
0.0321416
0.0303904
0.0335972
0
0.0294642
0.0296725
0.0170114
0.0280565
0.0154291
0.0177584
0.0149587
0.0183403
0.0294642
0
0.0101888
0.0179494
0.0293479
0.0184539
0.0154654
0.0155508
0.01858
0.0296725
0.0101888
0
