9
0
0.0189573
0.0265694
0.0142373
0.0116702
0.0130351
0.0176276
0.0146082
0.0170114
0.0189573
0
0.02616
0.0154586
0.0144031
0.0150104
0.0193849
0.016664
0.00513572
0.0265694
0.02616
0
0.0293747
0.0269007
0.0269717
0.0310599
0.0301029
0.0280565
0.0142373
0.0154586
0.0293747
0
0.0111037
0.0109884
0.0173812
0.0056981
0.0153377
0.0116702
0.0144031
0.0269007
0.0111037
0
0.00727557
0.0191449
0.00971825
0.0154291
0.0130351
0.0150104
0.0269717
0.0109884
0.00727557
0
0.0160695
0.0103539
0.0149587
0.0176276
0.0193849
0.0310599
0.0173812
0.0191449
0.0160695
0
0.016818
0.0182104
0.0146082
0.016664
0.0301029
0.0056981
0.00971825
0.0103539
0.016818
0
0.0146221
0.0170114
0.00513572
0.0280565
0.0153377
0.0154291
0.0149587
0.0182104
0.0146221
0
