10
0
0.02616
0.0154586
0.0144031
0.01654
0.0374273
0.0193849
0.016664
0.0162201
0.00861753
0.02616
0
0.0293747
0.0269007
0.0305557
0.0399414
0.0310599
0.0301029
0.0303793
0.0293479
0.0154586
0.0293747
0
0.0111037
0.0180937
0.0382891
0.0173812
0.0056981
0.0154744
0.0161725
0.0144031
0.0269007
0.0111037
0
0.0185372
0.0383823
0.0191449
0.00971825
0.0191202
0.0184539
0.01654
0.0305557
0.0180937
0.0185372
0
0.0413305
0.0183086
0.0183154
0.0170314
0.0154654
0.0374273
0.0399414
0.0382891
0.0383823
0.0413305
0
0.0452756
0.0433372
0.0471408
0.0455685
0.0193849
0.0310599
0.0173812
0.0191449
0.0183086
0.0452756
0
0.016818
0.0121949
0.0178896
0.016664
0.0301029
0.0056981
0.00971825
0.0183154
0.0433372
0.016818
0
0.0176464
0.0152906
0.0162201
0.0303793
0.0154744
0.0191202
0.0170314
0.0471408
0.0121949
0.0176464
0
0.0169187
0.00861753
0.0293479
0.0161725
0.0184539
0.0154654
0.0455685
0.0178896
0.0152906
0.0169187
0
