11
0
0.0189573
0.0185998
0.0130351
0.0364405
0.0176276
0.0166991
0.0302278
0.0161916
0.0170114
0.0179494
0.0189573
0
0.01654
0.0150104
0.0374273
0.0193849
0.00908106
0.0309532
0.0162201
0.00513572
0.00861753
0.0185998
0.01654
0
0.0149367
0.0413305
0.0183086
0.0161909
0.0321416
0.0170314
0.0177584
0.0154654
0.0130351
0.0150104
0.0149367
0
0.0376107
0.0160695
0.0151104
0.0303904
0.0148813
0.0149587
0.0155508
0.0364405
0.0374273
0.0413305
0.0376107
0
0.0452756
0.0458463
0.0485931
0.0471408
0.0457407
0.0455685
0.0176276
0.0193849
0.0183086
0.0160695
0.0452756
0
0.0181243
0.0301342
0.0121949
0.0182104
0.0178896
0.0166991
0.00908106
0.0161909
0.0151104
0.0458463
0.0181243
0
0.031043
0.0171775
0.0123142
0.00598858
0.0302278
0.0309532
0.0321416
0.0303904
0.0485931
0.0301342
0.031043
0
0.0301694
0.0294642
0.0296725
0.0161916
0.0162201
0.0170314
0.0148813
0.0471408
0.0121949
0.0171775
0.0301694
0
0.0177771
0.0169187
0.0170114
0.00513572
0.0177584
0.0149587
0.0457407
0.0182104
0.0123142
0.0294642
0.0177771
0
0.0101888
0.0179494
0.00861753
0.0154654
0.0155508
0.0455685
0.0178896
0.00598858
0.0296725
0.0169187
0.0101888
0
