12
0
0.02616
0.0154586
0.0144031
0.01654
0.0150104
0.0374273
0.0193849
0.00908106
0.016664
0.00513572
0.00861753
0.02616
0
0.0293747
0.0269007
0.0305557
0.0269717
0.0399414
0.0310599
0.0291602
0.0301029
0.0280565
0.0293479
0.0154586
0.0293747
0
0.0111037
0.0180937
0.0109884
0.0382891
0.0173812
0.01551
0.0056981
0.0153377
0.0161725
0.0144031
0.0269007
0.0111037
0
0.0185372
0.00727557
0.0383823
0.0191449
0.0185529
0.00971825
0.0154291
0.0184539
0.01654
0.0305557
0.0180937
0.0185372
0
0.0149367
0.0413305
0.0183086
0.0161909
0.0183154
0.0177584
0.0154654
0.0150104
0.0269717
0.0109884
0.00727557
0.0149367
0
0.0376107
0.0160695
0.0151104
0.0103539
0.0149587
0.0155508
0.0374273
0.0399414
0.0382891
0.0383823
0.0413305
0.0376107
0
0.0452756
0.0458463
0.0433372
0.0457407
0.0455685
0.0193849
0.0310599
0.0173812
0.0191449
0.0183086
0.0160695
0.0452756
0
0.0181243
0.016818
0.0182104
0.0178896
0.00908106
0.0291602
0.01551
0.0185529
0.0161909
0.0151104
0.0458463
0.0181243
0
0.0160225
0.0123142
0.00598858
0.016664
0.0301029
0.0056981
0.00971825
0.0183154
0.0103539
0.0433372
0.016818
0.0160225
0
0.0146221
0.0152906
0.00513572
0.0280565
0.0153377
0.0154291
0.0177584
0.0149587
0.0457407
0.0182104
0.0123142
0.0146221
0
0.0101888
0.00861753
0.0293479
0.0161725
0.0184539
0.0154654
0.0155508
0.0455685
0.0178896
0.00598858
0.0152906
0.0101888
0
