8
0
0.0142373
0.0116702
0.0364405
0.0176276
0.0161916
0.0170114
0.0179494
0.0142373
0
0.0111037
0.0382891
0.0173812
0.0154744
0.0153377
0.0161725
0.0116702
0.0111037
0
0.0383823
0.0191449
0.0191202
0.0154291
0.0184539
0.0364405
0.0382891
0.0383823
0
0.0452756
0.0471408
0.0457407
0.0455685
0.0176276
0.0173812
0.0191449
0.0452756
0
0.0121949
0.0182104
0.0178896
0.0161916
0.0154744
0.0191202
0.0471408
0.0121949
0
0.0177771
0.0169187
0.0170114
0.0153377
0.0154291
0.0457407
0.0182104
0.0177771
0
0.0101888
0.0179494
0.0161725
0.0184539
0.0455685
0.0178896
0.0169187
0.0101888
0
