8
0
0.0142373
0.0116702
0.0230372
0.0176276
0.0146082
0.0161916
0.0179494
0.0142373
0
0.0111037
0.0204994
0.0173812
0.0056981
0.0154744
0.0161725
0.0116702
0.0111037
0
0.0195903
0.0191449
0.00971825
0.0191202
0.0184539
0.0230372
0.0204994
0.0195903
0
0.0223065
0.0206768
0.0213599
0.01858
0.0176276
0.0173812
0.0191449
0.0223065
0
0.016818
0.0121949
0.0178896
0.0146082
0.0056981
0.00971825
0.0206768
0.016818
0
0.0176464
0.0152906
0.0161916
0.0154744
0.0191202
0.0213599
0.0121949
0.0176464
0
0.0169187
0.0179494
0.0161725
0.0184539
0.01858
0.0178896
0.0152906
0.0169187
0
