9
0
0.0265694
0.0130351
0.0230372
0.0376436
0.0302278
0.0146082
0.0161916
0.0170114
0.0265694
0
0.0269717
0.0319238
0.0415941
0.0203098
0.0301029
0.0303793
0.0280565
0.0130351
0.0269717
0
0.0170626
0.0366391
0.0303904
0.0103539
0.0148813
0.0149587
0.0230372
0.0319238
0.0170626
0
0.0399557
0.0335972
0.0206768
0.0213599
0.0183403
0.0376436
0.0415941
0.0366391
0.0399557
0
0.0404837
0.0379198
0.0355758
0.0368674
0.0302278
0.0203098
0.0303904
0.0335972
0.0404837
0
0.0314472
0.0301694
0.0294642
0.0146082
0.0301029
0.0103539
0.0206768
0.0379198
0.0314472
0
0.0176464
0.0146221
0.0161916
0.0303793
0.0148813
0.0213599
0.0355758
0.0301694
0.0176464
0
0.0177771
0.0170114
0.0280565
0.0149587
0.0183403
0.0368674
0.0294642
0.0146221
0.0177771
0
