8
0
0.0154586
0.0144031
0.01654
0.0183186
0.0374914
0.0309532
0.00513572
0.0154586
0
0.0111037
0.0180937
0.0204994
0.0359559
0.0321549
0.0153377
0.0144031
0.0111037
0
0.0185372
0.0195903
0.0354296
0.0332123
0.0154291
0.01654
0.0180937
0.0185372
0
0.0109588
0.0408035
0.0321416
0.0177584
0.0183186
0.0204994
0.0195903
0.0109588
0
0.0399557
0.0335972
0.0183403
0.0374914
0.0359559
0.0354296
0.0408035
0.0399557
0
0.0404837
0.0368674
0.0309532
0.0321549
0.0332123
0.0321416
0.0335972
0.0404837
0
0.0294642
0.00513572
0.0153377
0.0154291
0.0177584
0.0183403
0.0368674
0.0294642
0
