11
0
0.02616
0.0144031
0.01654
0.0183186
0.00908106
0.0309532
0.016664
0.0162201
0.00513572
0.00861753
0.02616
0
0.0269007
0.0305557
0.0319238
0.0291602
0.0203098
0.0301029
0.0303793
0.0280565
0.0293479
0.0144031
0.0269007
0
0.0185372
0.0195903
0.0185529
0.0332123
0.00971825
0.0191202
0.0154291
0.0184539
0.01654
0.0305557
0.0185372
0
0.0109588
0.0161909
0.0321416
0.0183154
0.0170314
0.0177584
0.0154654
0.0183186
0.0319238
0.0195903
0.0109588
0
0.019326
0.0335972
0.0206768
0.0213599
0.0183403
0.01858
0.00908106
0.0291602
0.0185529
0.0161909
0.019326
0
0.031043
0.0160225
0.0171775
0.0123142
0.00598858
0.0309532
0.0203098
0.0332123
0.0321416
0.0335972
0.031043
0
0.0314472
0.0301694
0.0294642
0.0296725
0.016664
0.0301029
0.00971825
0.0183154
0.0206768
0.0160225
0.0314472
0
0.0176464
0.0146221
0.0152906
0.0162201
0.0303793
0.0191202
0.0170314
0.0213599
0.0171775
0.0301694
0.0176464
0
0.0177771
0.0169187
0.00513572
0.0280565
0.0154291
0.0177584
0.0183403
0.0123142
0.0294642
0.0146221
0.0177771
0
0.0101888
0.00861753
0.0293479
0.0184539
0.0154654
0.01858
0.00598858
0.0296725
0.0152906
0.0169187
0.0101888
0
