10
0
0.0189573
0.0265694
0.0185998
0.0130351
0.0364405
0.0376436
0.0302278
0.0161916
0.0170114
0.0189573
0
0.02616
0.01654
0.0150104
0.0374273
0.0374914
0.0309532
0.0162201
0.00513572
0.0265694
0.02616
0
0.0305557
0.0269717
0.0399414
0.0415941
0.0203098
0.0303793
0.0280565
0.0185998
0.01654
0.0305557
0
0.0149367
0.0413305
0.0408035
0.0321416
0.0170314
0.0177584
0.0130351
0.0150104
0.0269717
0.0149367
0
0.0376107
0.0366391
0.0303904
0.0148813
0.0149587
0.0364405
0.0374273
0.0399414
0.0413305
0.0376107
0
0.0500177
0.0485931
0.0471408
0.0457407
0.0376436
0.0374914
0.0415941
0.0408035
0.0366391
0.0500177
0
0.0404837
0.0355758
0.0368674
0.0302278
0.0309532
0.0203098
0.0321416
0.0303904
0.0485931
0.0404837
0
0.0301694
0.0294642
0.0161916
0.0162201
0.0303793
0.0170314
0.0148813
0.0471408
0.0355758
0.0301694
0
0.0177771
0.0170114
0.00513572
0.0280565
0.0177584
0.0149587
0.0457407
0.0368674
0.0294642
0.0177771
0
