12
0
0.0189573
0.0265694
0.0364405
0.0176276
0.0376436
0.0166991
0.0302278
0.0146082
0.0161916
0.0170114
0.0179494
0.0189573
0
0.02616
0.0374273
0.0193849
0.0374914
0.00908106
0.0309532
0.016664
0.0162201
0.00513572
0.00861753
0.0265694
0.02616
0
0.0399414
0.0310599
0.0415941
0.0291602
0.0203098
0.0301029
0.0303793
0.0280565
0.0293479
0.0364405
0.0374273
0.0399414
0
0.0452756
0.0500177
0.0458463
0.0485931
0.0433372
0.0471408
0.0457407
0.0455685
0.0176276
0.0193849
0.0310599
0.0452756
0
0.0377498
0.0181243
0.0301342
0.016818
0.0121949
0.0182104
0.0178896
0.0376436
0.0374914
0.0415941
0.0500177
0.0377498
0
0.0365242
0.0404837
0.0379198
0.0355758
0.0368674
0.0363411
0.0166991
0.00908106
0.0291602
0.0458463
0.0181243
0.0365242
0
0.031043
0.0160225
0.0171775
0.0123142
0.00598858
0.0302278
0.0309532
0.0203098
0.0485931
0.0301342
0.0404837
0.031043
0
0.0314472
0.0301694
0.0294642
0.0296725
0.0146082
0.016664
0.0301029
0.0433372
0.016818
0.0379198
0.0160225
0.0314472
0
0.0176464
0.0146221
0.0152906
0.0161916
0.0162201
0.0303793
0.0471408
0.0121949
0.0355758
0.0171775
0.0301694
0.0176464
0
0.0177771
0.0169187
0.0170114
0.00513572
0.0280565
0.0457407
0.0182104
0.0368674
0.0123142
0.0294642
0.0146221
0.0177771
0
0.0101888
0.0179494
0.00861753
0.0293479
0.0455685
0.0178896
0.0363411
0.00598858
0.0296725
0.0152906
0.0169187
0.0101888
0
