11
0
0.02616
0.0154586
0.0144031
0.0150104
0.0183186
0.00908106
0.0309532
0.016664
0.0162201
0.00513572
0.02616
0
0.0293747
0.0269007
0.0269717
0.0319238
0.0291602
0.0203098
0.0301029
0.0303793
0.0280565
0.0154586
0.0293747
0
0.0111037
0.0109884
0.0204994
0.01551
0.0321549
0.0056981
0.0154744
0.0153377
0.0144031
0.0269007
0.0111037
0
0.00727557
0.0195903
0.0185529
0.0332123
0.00971825
0.0191202
0.0154291
0.0150104
0.0269717
0.0109884
0.00727557
0
0.0170626
0.0151104
0.0303904
0.0103539
0.0148813
0.0149587
0.0183186
0.0319238
0.0204994
0.0195903
0.0170626
0
0.019326
0.0335972
0.0206768
0.0213599
0.0183403
0.00908106
0.0291602
0.01551
0.0185529
0.0151104
0.019326
0
0.031043
0.0160225
0.0171775
0.0123142
0.0309532
0.0203098
0.0321549
0.0332123
0.0303904
0.0335972
0.031043
0
0.0314472
0.0301694
0.0294642
0.016664
0.0301029
0.0056981
0.00971825
0.0103539
0.0206768
0.0160225
0.0314472
0
0.0176464
0.0146221
0.0162201
0.0303793
0.0154744
0.0191202
0.0148813
0.0213599
0.0171775
0.0301694
0.0176464
0
0.0177771
0.00513572
0.0280565
0.0153377
0.0154291
0.0149587
0.0183403
0.0123142
0.0294642
0.0146221
0.0177771
0
