12
0
0.0641547
0.041119
0.0498543
0.034222
0.0305024
0.0384948
0.0305135
0.0426724
0.0333975
0.0326093
0.0266929
0.0641547
0
0.0878147
0.0759034
0.0671136
0.068831
0.0603847
0.0661112
0.0660581
0.0710546
0.0701969
0.0657337
0.041119
0.0878147
0
0.0674676
0.0190703
0.0316541
0.046686
0.0356949
0.0473435
0.0429816
0.0123007
0.0316744
0.0498543
0.0759034
0.0674676
0
0.0772384
0.0533232
0.0463774
0.044989
0.0414719
0.0525846
0.0498964
0.0454942
0.034222
0.0671136
0.0190703
0.0772384
0
0.0283673
0.0368802
0.0325402
0.0452928
0.0360043
0.013089
0.0289302
0.0305024
0.068831
0.0316541
0.0533232
0.0283673
0
0.0359731
0.0240808
0.0435314
0.0325577
0.0310416
0.0217637
0.0384948
0.0603847
0.046686
0.0463774
0.0368802
0.0359731
0
0.0376136
0.0383553
0.0387469
0.0403509
0.036315
0.0305135
0.0661112
0.0356949
0.044989
0.0325402
0.0240808
0.0376136
0
0.0518902
0.0326835
0.0318978
0.0114048
0.0426724
0.0660581
0.0473435
0.0414719
0.0452928
0.0435314
0.0383553
0.0518902
0
0.0523895
0.0424936
0.041607
0.0333975
0.0710546
0.0429816
0.0525846
0.0360043
0.0325577
0.0387469
0.0326835
0.0523895
0
0.0334194
0.0286883
0.0326093
0.0701969
0.0123007
0.0498964
0.013089
0.0310416
0.0403509
0.0318978
0.0424936
0.0334194
0
0.0279445
0.0266929
0.0657337
0.0316744
0.0454942
0.0289302
0.0217637
0.036315
0.0114048
0.041607
0.0286883
0.0279445
0
