8
0
0.039682
0.0142795
0.0423498
0.0235901
0.0526389
0.0358805
0.0277181
0.039682
0
0.0695195
0.0759034
0.067036
0.0660581
0.0710546
0.0701969
0.0142795
0.0695195
0
0.0426786
0.0198713
0.0365601
0.0315895
0.0260452
0.0423498
0.0759034
0.0426786
0
0.0468974
0.0414719
0.0525846
0.0498964
0.0235901
0.067036
0.0198713
0.0468974
0
0.035564
0.0323531
0.0258647
0.0526389
0.0660581
0.0365601
0.0414719
0.035564
0
0.0523895
0.0424936
0.0358805
0.0710546
0.0315895
0.0525846
0.0323531
0.0523895
0
0.0334194
0.0277181
0.0701969
0.0260452
0.0498964
0.0258647
0.0424936
0.0334194
0
