10
0
0.0379797
0.0228973
0.0288431
0.0393403
0.0235901
0.0250979
0.0342068
0.0526389
0.0152882
0.0379797
0
0.0369775
0.0253604
0.0421693
0.026144
0.0312445
0.0401573
0.0484306
0.0326723
0.0228973
0.0369775
0
0.0349812
0.0450102
0.0296055
0.0349006
0.0381017
0.0544098
0.0342154
0.0288431
0.0253604
0.0349812
0
0.0462794
0.0263312
0.0283673
0.0368802
0.0452928
0.0289302
0.0393403
0.0421693
0.0450102
0.0462794
0
0.0283991
0.0285584
0.0399976
0.0378375
0.0282566
0.0235901
0.026144
0.0296055
0.0263312
0.0283991
0
0.002373
0.0351111
0.035564
0.0194776
0.0250979
0.0312445
0.0349006
0.0283673
0.0285584
0.002373
0
0.0359731
0.0435314
0.0217637
0.0342068
0.0401573
0.0381017
0.0368802
0.0399976
0.0351111
0.0359731
0
0.0383553
0.036315
0.0526389
0.0484306
0.0544098
0.0452928
0.0378375
0.035564
0.0435314
0.0383553
0
0.041607
0.0152882
0.0326723
0.0342154
0.0289302
0.0282566
0.0194776
0.0217637
0.036315
0.041607
0
