12
0
0.0379797
0.0256578
0.0404836
0.0423498
0.0393403
0.0235901
0.0250979
0.0342068
0.0358805
0.0277181
0.0152882
0.0379797
0
0.0376305
0.0311216
0.0623367
0.0421693
0.026144
0.0312445
0.0401573
0.0375084
0.0244325
0.0326723
0.0256578
0.0376305
0
0.041119
0.0498543
0.0325161
0.0266409
0.0305024
0.0384948
0.0333975
0.0326093
0.0266929
0.0404836
0.0311216
0.041119
0
0.0674676
0.0442148
0.0303184
0.0316541
0.046686
0.0429816
0.0123007
0.0316744
0.0423498
0.0623367
0.0498543
0.0674676
0
0.0466206
0.0468974
0.0533232
0.0463774
0.0525846
0.0498964
0.0454942
0.0393403
0.0421693
0.0325161
0.0442148
0.0466206
0
0.0283991
0.0285584
0.0399976
0.0127412
0.0337012
0.0282566
0.0235901
0.026144
0.0266409
0.0303184
0.0468974
0.0283991
0
0.002373
0.0351111
0.0323531
0.0258647
0.0194776
0.0250979
0.0312445
0.0305024
0.0316541
0.0533232
0.0285584
0.002373
0
0.0359731
0.0325577
0.0310416
0.0217637
0.0342068
0.0401573
0.0384948
0.046686
0.0463774
0.0399976
0.0351111
0.0359731
0
0.0387469
0.0403509
0.036315
0.0358805
0.0375084
0.0333975
0.0429816
0.0525846
0.0127412
0.0323531
0.0325577
0.0387469
0
0.0334194
0.0286883
0.0277181
0.0244325
0.0326093
0.0123007
0.0498964
0.0337012
0.0258647
0.0310416
0.0403509
0.0334194
0
0.0279445
0.0152882
0.0326723
0.0266929
0.0316744
0.0454942
0.0282566
0.0194776
0.0217637
0.036315
0.0286883
0.0279445
0
