12
0
0.039682
0.0142795
0.0404836
0.0288431
0.0393403
0.0235901
0.0250979
0.00616596
0.0526389
0.0277181
0.0152882
0.039682
0
0.0695195
0.0878147
0.0671136
0.0704492
0.067036
0.068831
0.0661112
0.0660581
0.0701969
0.0657337
0.0142795
0.0695195
0
0.0391159
0.0363101
0.0326673
0.0198713
0.0240082
0.0108857
0.0365601
0.0260452
0.0105651
0.0404836
0.0878147
0.0391159
0
0.0190703
0.0442148
0.0303184
0.0316541
0.0356949
0.0473435
0.0123007
0.0316744
0.0288431
0.0671136
0.0363101
0.0190703
0
0.0462794
0.0263312
0.0283673
0.0325402
0.0452928
0.013089
0.0289302
0.0393403
0.0704492
0.0326673
0.0442148
0.0462794
0
0.0283991
0.0285584
0.0318123
0.0378375
0.0337012
0.0282566
0.0235901
0.067036
0.0198713
0.0303184
0.0263312
0.0283991
0
0.002373
0.0236365
0.035564
0.0258647
0.0194776
0.0250979
0.068831
0.0240082
0.0316541
0.0283673
0.0285584
0.002373
0
0.0240808
0.0435314
0.0310416
0.0217637
0.00616596
0.0661112
0.0108857
0.0356949
0.0325402
0.0318123
0.0236365
0.0240808
0
0.0518902
0.0318978
0.0114048
0.0526389
0.0660581
0.0365601
0.0473435
0.0452928
0.0378375
0.035564
0.0435314
0.0518902
0
0.0424936
0.041607
0.0277181
0.0701969
0.0260452
0.0123007
0.013089
0.0337012
0.0258647
0.0310416
0.0318978
0.0424936
0
0.0279445
0.0152882
0.0657337
0.0105651
0.0316744
0.0289302
0.0282566
0.0194776
0.0217637
0.0114048
0.041607
0.0279445
0
