9
0
0.0379797
0.039682
0.0423498
0.0288431
0.0393403
0.0235901
0.00616596
0.0152882
0.0379797
0
0.0650344
0.0623367
0.0253604
0.0421693
0.026144
0.0327554
0.0326723
0.039682
0.0650344
0
0.0759034
0.0671136
0.0704492
0.067036
0.0661112
0.0657337
0.0423498
0.0623367
0.0759034
0
0.0772384
0.0466206
0.0468974
0.044989
0.0454942
0.0288431
0.0253604
0.0671136
0.0772384
0
0.0462794
0.0263312
0.0325402
0.0289302
0.0393403
0.0421693
0.0704492
0.0466206
0.0462794
0
0.0283991
0.0318123
0.0282566
0.0235901
0.026144
0.067036
0.0468974
0.0263312
0.0283991
0
0.0236365
0.0194776
0.00616596
0.0327554
0.0661112
0.044989
0.0325402
0.0318123
0.0236365
0
0.0114048
0.0152882
0.0326723
0.0657337
0.0454942
0.0289302
0.0282566
0.0194776
0.0114048
0
