11
0
0.0369775
0.0376305
0.0311216
0.0623367
0.0421693
0.026144
0.0312445
0.0484306
0.0375084
0.0244325
0.0369775
0
0.0197581
0.0461362
0.073333
0.0450102
0.0296055
0.0349006
0.0544098
0.0384358
0.037603
0.0376305
0.0197581
0
0.041119
0.0498543
0.0325161
0.0266409
0.0305024
0.0426724
0.0333975
0.0326093
0.0311216
0.0461362
0.041119
0
0.0674676
0.0442148
0.0303184
0.0316541
0.0473435
0.0429816
0.0123007
0.0623367
0.073333
0.0498543
0.0674676
0
0.0466206
0.0468974
0.0533232
0.0414719
0.0525846
0.0498964
0.0421693
0.0450102
0.0325161
0.0442148
0.0466206
0
0.0283991
0.0285584
0.0378375
0.0127412
0.0337012
0.026144
0.0296055
0.0266409
0.0303184
0.0468974
0.0283991
0
0.002373
0.035564
0.0323531
0.0258647
0.0312445
0.0349006
0.0305024
0.0316541
0.0533232
0.0285584
0.002373
0
0.0435314
0.0325577
0.0310416
0.0484306
0.0544098
0.0426724
0.0473435
0.0414719
0.0378375
0.035564
0.0435314
0
0.0523895
0.0424936
0.0375084
0.0384358
0.0333975
0.0429816
0.0525846
0.0127412
0.0323531
0.0325577
0.0523895
0
0.0334194
0.0244325
0.037603
0.0326093
0.0123007
0.0498964
0.0337012
0.0258647
0.0310416
0.0424936
0.0334194
0
