9
0
0.0379797
0.0228973
0.0288431
0.0250979
0.00616596
0.0526389
0.0358805
0.0277181
0.0379797
0
0.0369775
0.0253604
0.0312445
0.0327554
0.0484306
0.0375084
0.0244325
0.0228973
0.0369775
0
0.0349812
0.0349006
0.0348211
0.0544098
0.0384358
0.037603
0.0288431
0.0253604
0.0349812
0
0.0283673
0.0325402
0.0452928
0.0360043
0.013089
0.0250979
0.0312445
0.0349006
0.0283673
0
0.0240808
0.0435314
0.0325577
0.0310416
0.00616596
0.0327554
0.0348211
0.0325402
0.0240808
0
0.0518902
0.0326835
0.0318978
0.0526389
0.0484306
0.0544098
0.0452928
0.0435314
0.0518902
0
0.0523895
0.0424936
0.0358805
0.0375084
0.0384358
0.0360043
0.0325577
0.0326835
0.0523895
0
0.0334194
0.0277181
0.0244325
0.037603
0.013089
0.0310416
0.0318978
0.0424936
0.0334194
0
