10
0
0.0715058
0.0461362
0.073333
0.0349812
0.0450102
0.0296055
0.0348211
0.0384358
0.0342154
0.0715058
0
0.0878147
0.0759034
0.0671136
0.0704492
0.067036
0.0661112
0.0710546
0.0657337
0.0461362
0.0878147
0
0.0674676
0.0190703
0.0442148
0.0303184
0.0356949
0.0429816
0.0316744
0.073333
0.0759034
0.0674676
0
0.0772384
0.0466206
0.0468974
0.044989
0.0525846
0.0454942
0.0349812
0.0671136
0.0190703
0.0772384
0
0.0462794
0.0263312
0.0325402
0.0360043
0.0289302
0.0450102
0.0704492
0.0442148
0.0466206
0.0462794
0
0.0283991
0.0318123
0.0127412
0.0282566
0.0296055
0.067036
0.0303184
0.0468974
0.0263312
0.0283991
0
0.0236365
0.0323531
0.0194776
0.0348211
0.0661112
0.0356949
0.044989
0.0325402
0.0318123
0.0236365
0
0.0326835
0.0114048
0.0384358
0.0710546
0.0429816
0.0525846
0.0360043
0.0127412
0.0323531
0.0326835
0
0.0286883
0.0342154
0.0657337
0.0316744
0.0454942
0.0289302
0.0282566
0.0194776
0.0114048
0.0286883
0
