11
0
0.0379797
0.0256578
0.039682
0.0142795
0.0404836
0.0235901
0.00616596
0.0526389
0.0358805
0.0152882
0.0379797
0
0.0376305
0.0650344
0.0330699
0.0311216
0.026144
0.0327554
0.0484306
0.0375084
0.0326723
0.0256578
0.0376305
0
0.0641547
0.0270934
0.041119
0.0266409
0.0305135
0.0426724
0.0333975
0.0266929
0.039682
0.0650344
0.0641547
0
0.0695195
0.0878147
0.067036
0.0661112
0.0660581
0.0710546
0.0657337
0.0142795
0.0330699
0.0270934
0.0695195
0
0.0391159
0.0198713
0.0108857
0.0365601
0.0315895
0.0105651
0.0404836
0.0311216
0.041119
0.0878147
0.0391159
0
0.0303184
0.0356949
0.0473435
0.0429816
0.0316744
0.0235901
0.026144
0.0266409
0.067036
0.0198713
0.0303184
0
0.0236365
0.035564
0.0323531
0.0194776
0.00616596
0.0327554
0.0305135
0.0661112
0.0108857
0.0356949
0.0236365
0
0.0518902
0.0326835
0.0114048
0.0526389
0.0484306
0.0426724
0.0660581
0.0365601
0.0473435
0.035564
0.0518902
0
0.0523895
0.041607
0.0358805
0.0375084
0.0333975
0.0710546
0.0315895
0.0429816
0.0323531
0.0326835
0.0523895
0
0.0286883
0.0152882
0.0326723
0.0266929
0.0657337
0.0105651
0.0316744
0.0194776
0.0114048
0.041607
0.0286883
0
