9
0
0.0369775
0.0376305
0.0650344
0.0311216
0.0253604
0.0421693
0.0327554
0.0326723
0.0369775
0
0.0197581
0.0715058
0.0461362
0.0349812
0.0450102
0.0348211
0.0342154
0.0376305
0.0197581
0
0.0641547
0.041119
0.034222
0.0325161
0.0305135
0.0266929
0.0650344
0.0715058
0.0641547
0
0.0878147
0.0671136
0.0704492
0.0661112
0.0657337
0.0311216
0.0461362
0.041119
0.0878147
0
0.0190703
0.0442148
0.0356949
0.0316744
0.0253604
0.0349812
0.034222
0.0671136
0.0190703
0
0.0462794
0.0325402
0.0289302
0.0421693
0.0450102
0.0325161
0.0704492
0.0442148
0.0462794
0
0.0318123
0.0282566
0.0327554
0.0348211
0.0305135
0.0661112
0.0356949
0.0325402
0.0318123
0
0.0114048
0.0326723
0.0342154
0.0266929
0.0657337
0.0316744
0.0289302
0.0282566
0.0114048
0
