8
0
0.0695195
0.0759034
0.0671136
0.0704492
0.068831
0.0603847
0.0660581
0.0695195
0
0.0426786
0.0363101
0.0326673
0.0240082
0.0350064
0.0365601
0.0759034
0.0426786
0
0.0772384
0.0466206
0.0533232
0.0463774
0.0414719
0.0671136
0.0363101
0.0772384
0
0.0462794
0.0283673
0.0368802
0.0452928
0.0704492
0.0326673
0.0466206
0.0462794
0
0.0285584
0.0399976
0.0378375
0.068831
0.0240082
0.0533232
0.0283673
0.0285584
0
0.0359731
0.0435314
0.0603847
0.0350064
0.0463774
0.0368802
0.0399976
0.0359731
0
0.0383553
0.0660581
0.0365601
0.0414719
0.0452928
0.0378375
0.0435314
0.0383553
0
