8
0
0.0228973
0.039682
0.0142795
0.0342068
0.00616596
0.0358805
0.0152882
0.0228973
0
0.0715058
0.035605
0.0381017
0.0348211
0.0384358
0.0342154
0.039682
0.0715058
0
0.0695195
0.0603847
0.0661112
0.0710546
0.0657337
0.0142795
0.035605
0.0695195
0
0.0350064
0.0108857
0.0315895
0.0105651
0.0342068
0.0381017
0.0603847
0.0350064
0
0.0376136
0.0387469
0.036315
0.00616596
0.0348211
0.0661112
0.0108857
0.0376136
0
0.0326835
0.0114048
0.0358805
0.0384358
0.0710546
0.0315895
0.0387469
0.0326835
0
0.0286883
0.0152882
0.0342154
0.0657337
0.0105651
0.036315
0.0114048
0.0286883
0
