10
0
0.0369775
0.0376305
0.0311216
0.0253604
0.026144
0.0401573
0.0327554
0.0375084
0.0326723
0.0369775
0
0.0197581
0.0461362
0.0349812
0.0296055
0.0381017
0.0348211
0.0384358
0.0342154
0.0376305
0.0197581
0
0.041119
0.034222
0.0266409
0.0384948
0.0305135
0.0333975
0.0266929
0.0311216
0.0461362
0.041119
0
0.0190703
0.0303184
0.046686
0.0356949
0.0429816
0.0316744
0.0253604
0.0349812
0.034222
0.0190703
0
0.0263312
0.0368802
0.0325402
0.0360043
0.0289302
0.026144
0.0296055
0.0266409
0.0303184
0.0263312
0
0.0351111
0.0236365
0.0323531
0.0194776
0.0401573
0.0381017
0.0384948
0.046686
0.0368802
0.0351111
0
0.0376136
0.0387469
0.036315
0.0327554
0.0348211
0.0305135
0.0356949
0.0325402
0.0236365
0.0376136
0
0.0326835
0.0114048
0.0375084
0.0384358
0.0333975
0.0429816
0.0360043
0.0323531
0.0387469
0.0326835
0
0.0286883
0.0326723
0.0342154
0.0266929
0.0316744
0.0289302
0.0194776
0.036315
0.0114048
0.0286883
0
