11
0
0.0715058
0.035605
0.0450102
0.0349006
0.0381017
0.0348211
0.0544098
0.0384358
0.037603
0.0342154
0.0715058
0
0.0695195
0.0704492
0.068831
0.0603847
0.0661112
0.0660581
0.0710546
0.0701969
0.0657337
0.035605
0.0695195
0
0.0326673
0.0240082
0.0350064
0.0108857
0.0365601
0.0315895
0.0260452
0.0105651
0.0450102
0.0704492
0.0326673
0
0.0285584
0.0399976
0.0318123
0.0378375
0.0127412
0.0337012
0.0282566
0.0349006
0.068831
0.0240082
0.0285584
0
0.0359731
0.0240808
0.0435314
0.0325577
0.0310416
0.0217637
0.0381017
0.0603847
0.0350064
0.0399976
0.0359731
0
0.0376136
0.0383553
0.0387469
0.0403509
0.036315
0.0348211
0.0661112
0.0108857
0.0318123
0.0240808
0.0376136
0
0.0518902
0.0326835
0.0318978
0.0114048
0.0544098
0.0660581
0.0365601
0.0378375
0.0435314
0.0383553
0.0518902
0
0.0523895
0.0424936
0.041607
0.0384358
0.0710546
0.0315895
0.0127412
0.0325577
0.0387469
0.0326835
0.0523895
0
0.0334194
0.0286883
0.037603
0.0701969
0.0260452
0.0337012
0.0310416
0.0403509
0.0318978
0.0424936
0.0334194
0
0.0279445
0.0342154
0.0657337
0.0105651
0.0282566
0.0217637
0.036315
0.0114048
0.041607
0.0286883
0.0279445
0
