11
0
0.00933971
0.0102507
0.0170826
0.0236555
0.0174386
0.0234865
0.0285269
0.023741
0.0196394
0.0264002
0.00933971
0
0.00550627
0.0157383
0.0228189
0.016296
0.0260936
0.0311562
0.0205911
0.0188361
0.0267767
0.0102507
0.00550627
0
0.0165156
0.0225936
0.0170372
0.0253137
0.0321907
0.0203709
0.0210145
0.0282936
0.0170826
0.0157383
0.0165156
0
0.0237892
0.0159485
0.0255949
0.0303855
0.0170979
0.0189953
0.0245782
0.0236555
0.0228189
0.0225936
0.0237892
0
0.0247127
0.0281685
0.0302722
0.0235425
0.0221615
0.0254155
0.0174386
0.016296
0.0170372
0.0159485
0.0247127
0
0.0277568
0.0317074
0.0184964
0.0192649
0.0249918
0.0234865
0.0260936
0.0253137
0.0255949
0.0281685
0.0277568
0
0.0332139
0.0313617
0.0263132
0.0322282
0.0285269
0.0311562
0.0321907
0.0303855
0.0302722
0.0317074
0.0332139
0
0.0347898
0.0340905
0.0397407
0.023741
0.0205911
0.0203709
0.0170979
0.0235425
0.0184964
0.0313617
0.0347898
0
0.026245
0.0323562
0.0196394
0.0188361
0.0210145
0.0189953
0.0221615
0.0192649
0.0263132
0.0340905
0.026245
0
0.0275989
0.0264002
0.0267767
0.0282936
0.0245782
0.0254155
0.0249918
0.0322282
0.0397407
0.0323562
0.0275989
0
