10
0
0.0213604
0.0232385
0.0298959
0.023763
0.0214428
0.0216967
0.0210099
0.0287707
0.0281263
0.0213604
0
0.0183111
0.0324129
0.0250622
0.021097
0.0170727
0.0250174
0.0299202
0.0281728
0.0232385
0.0183111
0
0.028572
0.0210559
0.018075
0.0147976
0.0215969
0.026353
0.0279622
0.0298959
0.0324129
0.028572
0
0.0119299
0.0347898
0.036704
0.0383757
0.0404259
0.0417849
0.023763
0.0250622
0.0210559
0.0119299
0
0.030606
0.0333851
0.0338538
0.0386359
0.0393484
0.0214428
0.021097
0.018075
0.0347898
0.030606
0
0.023246
0.0291011
0.0357632
0.0341165
0.0216967
0.0170727
0.0147976
0.036704
0.0333851
0.023246
0
0.0255185
0.0306901
0.0313817
0.0210099
0.0250174
0.0215969
0.0383757
0.0338538
0.0291011
0.0255185
0
0.0349176
0.0311602
0.0287707
0.0299202
0.026353
0.0404259
0.0386359
0.0357632
0.0306901
0.0349176
0
0.0110731
0.0281263
0.0281728
0.0279622
0.0417849
0.0393484
0.0341165
0.0313817
0.0311602
0.0110731
0
