12
0
0.0199529
0.0204398
0.0225868
0.0243593
0.029516
0.0310399
0.0252189
0.0250089
0.0205213
0.0249522
0.0252855
0.0199529
0
0.00578149
0.0146704
0.0141917
0.0210544
0.0228189
0.0235347
0.026075
0.0151293
0.0205911
0.0200174
0.0204398
0.00578149
0
0.0157402
0.015462
0.0217029
0.0233312
0.0242976
0.0282807
0.0151752
0.0215156
0.0216762
0.0225868
0.0146704
0.0157402
0
0.0153802
0.0227782
0.0241596
0.0247937
0.0275425
0.0173317
0.0197901
0.0224706
0.0243593
0.0141917
0.015462
0.0153802
0
0.0211673
0.0230309
0.0242451
0.0248399
0.0167506
0.0216515
0.0230758
0.029516
0.0210544
0.0217029
0.0227782
0.0211673
0
0.00559832
0.0224662
0.0224959
0.0154969
0.0214335
0.0237836
0.0310399
0.0228189
0.0233312
0.0241596
0.0230309
0.00559832
0
0.0252884
0.0249549
0.017983
0.0235425
0.0263134
0.0252189
0.0235347
0.0242976
0.0247937
0.0242451
0.0224662
0.0252884
0
0.0288158
0.0261152
0.0305772
0.0273132
0.0250089
0.026075
0.0282807
0.0275425
0.0248399
0.0224959
0.0249549
0.0288158
0
0.0332879
0.030606
0.0316117
0.0205213
0.0151293
0.0151752
0.0173317
0.0167506
0.0154969
0.017983
0.0261152
0.0332879
0
0.0181897
0.0219111
0.0249522
0.0205911
0.0215156
0.0197901
0.0216515
0.0214335
0.0235425
0.0305772
0.030606
0.0181897
0
0.0252977
0.0252855
0.0200174
0.0216762
0.0224706
0.0230758
0.0237836
0.0263134
0.0273132
0.0316117
0.0219111
0.0252977
0
