10
0
0.0242611
0.02622
0.0325551
0.0290651
0.0335126
0.0303756
0.0310808
0.0312503
0.0346657
0.0242611
0
0.0182216
0.0217029
0.0177037
0.0147817
0.0249632
0.0242976
0.0290819
0.0325685
0.02622
0.0182216
0
0.0231547
0.0193256
0.0198839
0.023411
0.0240205
0.0278665
0.0298481
0.0325551
0.0217029
0.0231547
0
0.0213818
0.0256216
0.0213586
0.0224662
0.0215182
0.0288575
0.0290651
0.0177037
0.0193256
0.0213818
0
0.0167191
0.02504
0.0253461
0.0249918
0.0291483
0.0335126
0.0147817
0.0198839
0.0256216
0.0167191
0
0.0207583
0.0210789
0.0245735
0.0279622
0.0303756
0.0249632
0.023411
0.0213586
0.02504
0.0207583
0
0.0266993
0.0288047
0.0309646
0.0310808
0.0242976
0.0240205
0.0224662
0.0253461
0.0210789
0.0266993
0
0.0320969
0.0343384
0.0312503
0.0290819
0.0278665
0.0215182
0.0249918
0.0245735
0.0288047
0.0320969
0
0.0140219
0.0346657
0.0325685
0.0298481
0.0288575
0.0291483
0.0279622
0.0309646
0.0343384
0.0140219
0
