11
0
0.0179609
0.0295133
0.0204398
0.0258043
0.0225868
0.0302373
0.0310399
0.0299285
0.0202012
0.0319743
0.0179609
0
0.0272315
0.0233094
0.0267132
0.0243312
0.0299825
0.0300927
0.0324027
0.0223305
0.0389077
0.0295133
0.0272315
0
0.0275476
0.0331313
0.033015
0.0341672
0.0349421
0.0373162
0.0254024
0.0375217
0.0204398
0.0233094
0.0275476
0
0.0180502
0.0157402
0.0235467
0.0233312
0.0296092
0.0211254
0.0334147
0.0258043
0.0267132
0.0331313
0.0180502
0
0.00942731
0.0230859
0.0237892
0.0249399
0.0189953
0.0295371
0.0225868
0.0243312
0.033015
0.0157402
0.00942731
0
0.0242229
0.0241596
0.0274905
0.0204959
0.0319866
0.0302373
0.0299825
0.0341672
0.0235467
0.0230859
0.0242229
0
0.00120084
0.0282025
0.0219626
0.0335089
0.0310399
0.0300927
0.0349421
0.0233312
0.0237892
0.0241596
0.00120084
0
0.0289664
0.0221615
0.0332096
0.0299285
0.0324027
0.0373162
0.0296092
0.0249399
0.0274905
0.0282025
0.0289664
0
0.0339869
0.0441268
0.0202012
0.0223305
0.0254024
0.0211254
0.0189953
0.0204959
0.0219626
0.0221615
0.0339869
0
0.0317871
0.0319743
0.0389077
0.0375217
0.0334147
0.0295371
0.0319866
0.0335089
0.0332096
0.0441268
0.0317871
0
