9
0
0.0222988
0.0267538
0.0203837
0.0213054
0.0310122
0.0263717
0.0303267
0.0284717
0.0222988
0
0.0227403
0.0199529
0.0216214
0.0310399
0.024234
0.0322082
0.0267037
0.0267538
0.0227403
0
0.0196499
0.020589
0.0314711
0.0237215
0.0369612
0.0293904
0.0203837
0.0199529
0.0196499
0
0.00550627
0.0228189
0.0146983
0.0303805
0.0258109
0.0213054
0.0216214
0.020589
0.00550627
0
0.0225936
0.0151516
0.0319538
0.0284026
0.0310122
0.0310399
0.0314711
0.0228189
0.0225936
0
0.0255857
0.0304973
0.0276967
0.0263717
0.024234
0.0237215
0.0146983
0.0151516
0.0255857
0
0.0284398
0.0239244
0.0303267
0.0322082
0.0369612
0.0303805
0.0319538
0.0304973
0.0284398
0
0.0161561
0.0284717
0.0267037
0.0293904
0.0258109
0.0284026
0.0276967
0.0239244
0.0161561
0
