8
0
0.0249744
0.0279768
0.0269704
0.032349
0.0302077
0.0243164
0.0273594
0.0249744
0
0.0181152
0.017492
0.0269281
0.0258262
0.0233088
0.0241379
0.0279768
0.0181152
0
0.0179102
0.0267226
0.0248399
0.0230758
0.0247815
0.0269704
0.017492
0.0179102
0
0.0224922
0.0210559
0.0209158
0.0215969
0.032349
0.0269281
0.0267226
0.0224922
0
0.0279468
0.0299364
0.0307105
0.0302077
0.0258262
0.0248399
0.0210559
0.0279468
0
0.0316117
0.0338538
0.0243164
0.0233088
0.0230758
0.0209158
0.0299364
0.0316117
0
0.018126
0.0273594
0.0241379
0.0247815
0.0215969
0.0307105
0.0338538
0.018126
0
