9
0
0.0213059
0.0305766
0.025834
0.0325551
0.0303756
0.0291464
0.0309669
0.0312503
0.0213059
0
0.0292824
0.0234974
0.0324638
0.0302557
0.0269882
0.0287175
0.0326674
0.0305766
0.0292824
0
0.0196499
0.0285742
0.0323415
0.0243479
0.0246171
0.0334345
0.025834
0.0234974
0.0196499
0
0.0210544
0.0241061
0.0151293
0.0178738
0.0267767
0.0325551
0.0324638
0.0285742
0.0210544
0
0.0213586
0.0154969
0.0193799
0.0215182
0.0303756
0.0302557
0.0323415
0.0241061
0.0213586
0
0.0219336
0.0254313
0.0288047
0.0291464
0.0269882
0.0243479
0.0151293
0.0154969
0.0219336
0
0.0150344
0.0278629
0.0309669
0.0287175
0.0246171
0.0178738
0.0193799
0.0254313
0.0150344
0
0.0290017
0.0312503
0.0326674
0.0334345
0.0267767
0.0215182
0.0288047
0.0278629
0.0290017
0
