11
0
0.0165156
0.0167931
0.0170372
0.0152875
0.0234357
0.0270033
0.0152431
0.0203709
0.0238114
0.0319538
0.0165156
0
0.00942731
0.0159485
0.0198973
0.0202289
0.0234291
0.0151256
0.0170979
0.0238599
0.0287244
0.0167931
0.00942731
0
0.018148
0.0178358
0.0246626
0.0275425
0.0173317
0.0197901
0.0259278
0.0308035
0.0170372
0.0159485
0.018148
0
0.0167191
0.02504
0.0241895
0.0173143
0.0184964
0.0238598
0.0276558
0.0152875
0.0198973
0.0178358
0.0167191
0
0.0207583
0.0210559
0.0150484
0.018075
0.0215969
0.026353
0.0234357
0.0202289
0.0246626
0.02504
0.0207583
0
0.0280372
0.0219336
0.025242
0.0274726
0.0319766
0.0270033
0.0234291
0.0275425
0.0241895
0.0210559
0.0280372
0
0.0332879
0.030606
0.0338538
0.0386359
0.0152431
0.0151256
0.0173317
0.0173143
0.0150484
0.0219336
0.0332879
0
0.0181897
0.0254525
0.0322252
0.0203709
0.0170979
0.0197901
0.0184964
0.018075
0.025242
0.030606
0.0181897
0
0.0291011
0.0357632
0.0238114
0.0238599
0.0259278
0.0238598
0.0215969
0.0274726
0.0338538
0.0254525
0.0291011
0
0.0349176
0.0319538
0.0287244
0.0308035
0.0276558
0.026353
0.0319766
0.0386359
0.0322252
0.0357632
0.0349176
0
