12
0
0.031724
0.0305766
0.0295355
0.0359609
0.0293975
0.0295906
0.0254369
0.0345267
0.0312503
0.0346657
0.0336917
0.031724
0
0.0308954
0.0331313
0.0350058
0.027885
0.0286392
0.0254024
0.0352618
0.0332827
0.0354848
0.0310195
0.0305766
0.0308954
0
0.0260014
0.0324966
0.0259818
0.027674
0.0245529
0.0369612
0.0334345
0.0352049
0.0293904
0.0295355
0.0331313
0.0260014
0
0.0233814
0.0234739
0.0238599
0.0189953
0.0287244
0.0245782
0.0288083
0.0246636
0.0359609
0.0350058
0.0324966
0.0233814
0
0.0268667
0.0253757
0.0213436
0.0294346
0.0245997
0.0297307
0.0248544
0.0293975
0.027885
0.0259818
0.0234739
0.0268667
0
0.018126
0.0179606
0.033932
0.0292006
0.0345235
0.0302174
0.0295906
0.0286392
0.027674
0.0238599
0.0253757
0.018126
0
0.00908163
0.0349176
0.0271618
0.0311602
0.0277632
0.0254369
0.0254024
0.0245529
0.0189953
0.0213436
0.0179606
0.00908163
0
0.0328042
0.0275989
0.0316995
0.0281709
0.0345267
0.0352618
0.0369612
0.0287244
0.0294346
0.033932
0.0349176
0.0328042
0
0.01146
0.0110731
0.0161561
0.0312503
0.0332827
0.0334345
0.0245782
0.0245997
0.0292006
0.0271618
0.0275989
0.01146
0
0.0140219
0.0152837
0.0346657
0.0354848
0.0352049
0.0288083
0.0297307
0.0345235
0.0311602
0.0316995
0.0110731
0.0140219
0
0.0139314
0.0336917
0.0310195
0.0293904
0.0246636
0.0248544
0.0302174
0.0277632
0.0281709
0.0161561
0.0152837
0.0139314
0
