8
0
0.00797681
0.00933971
0.0236555
0.0234447
0.0164763
0.0196394
0.0330672
0.00797681
0
0.0125313
0.023232
0.0225304
0.0184073
0.0200981
0.0328582
0.00933971
0.0125313
0
0.0228189
0.0241061
0.0151293
0.0188361
0.0317991
0.0236555
0.023232
0.0228189
0
0.0228496
0.017983
0.0221615
0.0332096
0.0234447
0.0225304
0.0241061
0.0228496
0
0.0219336
0.0233105
0.0330367
0.0164763
0.0184073
0.0151293
0.017983
0.0219336
0
0.0207931
0.032828
0.0196394
0.0200981
0.0188361
0.0221615
0.0233105
0.0207931
0
0.0317871
0.0330672
0.0328582
0.0317991
0.0332096
0.0330367
0.032828
0.0317871
0
