10
0
0.0279777
0.0231351
0.0341047
0.032349
0.0302077
0.0287175
0.0273594
0.0348118
0.0317194
0.0279777
0
0.0102507
0.0236555
0.0234865
0.0212221
0.0177327
0.0235469
0.0298569
0.0266538
0.0231351
0.0102507
0
0.0225936
0.0253137
0.0270033
0.0167956
0.0238114
0.0319538
0.0284026
0.0341047
0.0236555
0.0225936
0
0.0281685
0.0249549
0.0204486
0.0259099
0.0304973
0.0276967
0.032349
0.0234865
0.0253137
0.0281685
0
0.0279468
0.0266902
0.0307105
0.0359945
0.0309027
0.0302077
0.0212221
0.0270033
0.0249549
0.0279468
0
0.0333851
0.0338538
0.0386359
0.0376244
0.0287175
0.0177327
0.0167956
0.0204486
0.0266902
0.0333851
0
0.0255185
0.0306901
0.0289513
0.0273594
0.0235469
0.0238114
0.0259099
0.0307105
0.0338538
0.0255185
0
0.0349176
0.0277632
0.0348118
0.0298569
0.0319538
0.0304973
0.0359945
0.0386359
0.0306901
0.0349176
0
0.0161561
0.0317194
0.0266538
0.0284026
0.0276967
0.0309027
0.0376244
0.0289513
0.0277632
0.0161561
0
