9
0
0.0173556
0.0234633
0.0179588
0.0225304
0.0262349
0.0260591
0.0236479
0.0200981
0.0173556
0
0.0230859
0.0159485
0.0202289
0.0255949
0.0234291
0.0170979
0.0189953
0.0234633
0.0230859
0
0.0247593
0.0236101
0.0281923
0.0246029
0.023802
0.0219626
0.0179588
0.0159485
0.0247593
0
0.02504
0.0277568
0.0241895
0.0184964
0.0192649
0.0225304
0.0202289
0.0236101
0.02504
0
0.0288164
0.0280372
0.025242
0.0233105
0.0262349
0.0255949
0.0281923
0.0277568
0.0288164
0
0.0279468
0.0313617
0.0263132
0.0260591
0.0234291
0.0246029
0.0241895
0.0280372
0.0279468
0
0.030606
0.0307968
0.0236479
0.0170979
0.023802
0.0184964
0.025242
0.0313617
0.030606
0
0.026245
0.0200981
0.0189953
0.0219626
0.0192649
0.0233105
0.0263132
0.0307968
0.026245
0
