12
0
0.0213812
0.0196966
0.0264278
0.0268421
0.0315981
0.0302173
0.0274175
0.0276795
0.0273867
0.0315798
0.0341024
0.0213812
0
0.0242611
0.026405
0.029596
0.0359609
0.0345361
0.0335126
0.0303756
0.0310808
0.039061
0.0359438
0.0196966
0.0242611
0
0.0157402
0.0163308
0.0249857
0.0235467
0.0147817
0.0249632
0.0242976
0.0335252
0.0296092
0.0264278
0.026405
0.0157402
0
0.0170369
0.0252156
0.0242229
0.0178358
0.0246626
0.0247937
0.0336269
0.0274905
0.0268421
0.029596
0.0163308
0.0170369
0
0.0243873
0.0225897
0.0183111
0.022143
0.024846
0.0324129
0.0272399
0.0315981
0.0359609
0.0249857
0.0252156
0.0243873
0
0.00427513
0.026492
0.0206578
0.0233433
0.0296577
0.0268196
0.0302173
0.0345361
0.0235467
0.0242229
0.0225897
0.00427513
0
0.0271594
0.0236101
0.0246455
0.0294854
0.0282025
0.0274175
0.0335126
0.0147817
0.0178358
0.0183111
0.026492
0.0271594
0
0.0207583
0.0210789
0.028572
0.0223948
0.0276795
0.0303756
0.0249632
0.0246626
0.022143
0.0206578
0.0236101
0.0207583
0
0.0266993
0.0315963
0.0325017
0.0273867
0.0310808
0.0242976
0.0247937
0.024846
0.0233433
0.0246455
0.0210789
0.0266993
0
0.0338593
0.0337507
0.0315798
0.039061
0.0335252
0.0336269
0.0324129
0.0296577
0.0294854
0.028572
0.0315963
0.0338593
0
0.0399667
0.0341024
0.0359438
0.0296092
0.0274905
0.0272399
0.0268196
0.0282025
0.0223948
0.0325017
0.0337507
0.0399667
0
