8
0
0.0263347
0.0235295
0.0233094
0.0300927
0.0300756
0.031396
0.0389077
0.0263347
0
0.021546
0.0184112
0.0314711
0.0260282
0.0293904
0.0375151
0.0235295
0.021546
0
0.0138866
0.023232
0.0163459
0.0283474
0.0328582
0.0233094
0.0184112
0.0138866
0
0.0233312
0.0147817
0.0296914
0.0334147
0.0300927
0.0314711
0.023232
0.0233312
0
0.0269805
0.0276967
0.0332096
0.0300756
0.0260282
0.0163459
0.0147817
0.0269805
0
0.0216299
0.0313176
0.031396
0.0293904
0.0283474
0.0296914
0.0276967
0.0216299
0
0.0342466
0.0389077
0.0375151
0.0328582
0.0334147
0.0332096
0.0313176
0.0342466
0
