9
0
0.00595773
0.0194103
0.0285335
0.0460243
0.0468889
0.0459506
0.0430707
0.0672812
0.00595773
0
0.0182384
0.0284516
0.042111
0.0426377
0.0427539
0.0373092
0.0637876
0.0194103
0.0182384
0
0.0329758
0.0461683
0.0462604
0.0468307
0.0438347
0.0765649
0.0285335
0.0284516
0.0329758
0
0.0441581
0.0435172
0.0455764
0.0395752
0.0667102
0.0460243
0.042111
0.0461683
0.0441581
0
0.000699135
0.00223532
0.00463007
0.0672125
0.0468889
0.0426377
0.0462604
0.0435172
0.000699135
0
0.00182234
0.00402628
0.0675143
0.0459506
0.0427539
0.0468307
0.0455764
0.00223532
0.00182234
0
0.00356789
0.0657505
0.0430707
0.0373092
0.0438347
0.0395752
0.00463007
0.00402628
0.00356789
0
0.0664425
0.0672812
0.0637876
0.0765649
0.0667102
0.0672125
0.0675143
0.0657505
0.0664425
0
