8
0
0.0197943
0.028824
0.0449467
0.0458471
0.0404949
0.0652588
0.0716228
0.0197943
0
0.0329758
0.0461683
0.0462604
0.0438347
0.0765649
0.0754157
0.028824
0.0329758
0
0.0441581
0.0435172
0.0395752
0.0667102
0.0730919
0.0449467
0.0461683
0.0441581
0
0.000699135
0.00463007
0.0672125
0.0791658
0.0458471
0.0462604
0.0435172
0.000699135
0
0.00402628
0.0675143
0.0789736
0.0404949
0.0438347
0.0395752
0.00463007
0.00402628
0
0.0664425
0.0798757
0.0652588
0.0765649
0.0667102
0.0672125
0.0675143
0.0664425
0
0.0797222
0.0716228
0.0754157
0.0730919
0.0791658
0.0789736
0.0798757
0.0797222
0
