8
0
0.0690208
0.0697633
0.0669981
0.0797631
0.0677054
0.0711186
0.0819092
0.0690208
0
0.00595773
0.0194103
0.0285335
0.0468889
0.0459506
0.0672812
0.0697633
0.00595773
0
0.0182384
0.0284516
0.0426377
0.0427539
0.0637876
0.0669981
0.0194103
0.0182384
0
0.0329758
0.0462604
0.0468307
0.0765649
0.0797631
0.0285335
0.0284516
0.0329758
0
0.0435172
0.0455764
0.0667102
0.0677054
0.0468889
0.0426377
0.0462604
0.0435172
0
0.00182234
0.0675143
0.0711186
0.0459506
0.0427539
0.0468307
0.0455764
0.00182234
0
0.0657505
0.0819092
0.0672812
0.0637876
0.0765649
0.0667102
0.0675143
0.0657505
0
