8
0
0.0751446
0.0690208
0.0797631
0.0701168
0.0555855
0.0819092
0.0640772
0.0751446
0
0.00225489
0.028824
0.0449467
0.0404949
0.0652588
0.0716228
0.0690208
0.00225489
0
0.0285335
0.0460243
0.0430707
0.0672812
0.0729885
0.0797631
0.028824
0.0285335
0
0.0441581
0.0395752
0.0667102
0.0730919
0.0701168
0.0449467
0.0460243
0.0441581
0
0.00463007
0.0672125
0.0791658
0.0555855
0.0404949
0.0430707
0.0395752
0.00463007
0
0.0664425
0.0798757
0.0819092
0.0652588
0.0672812
0.0667102
0.0672125
0.0664425
0
0.0797222
0.0640772
0.0716228
0.0729885
0.0730919
0.0791658
0.0798757
0.0797222
0
