20
0 12 9 11 11 5 6 9 7 11 2 7 11 10 6 12 5 11 7 3 
12 0 7 5 7 11 10 7 9 3 12 9 5 6 10 2 11 7 7 11 
9 7 0 6 6 8 7 2 6 6 9 6 6 5 7 7 8 6 4 8 
11 5 6 0 6 10 9 6 8 4 11 8 2 5 9 5 10 6 6 10 
11 7 6 6 0 10 9 6 8 6 11 8 6 3 9 7 10 2 6 10 
5 11 8 10 10 0 5 8 6 10 5 6 10 9 5 11 2 10 6 4 
6 10 7 9 9 5 0 7 5 9 6 5 9 8 2 10 5 9 5 5 
9 7 2 6 6 8 7 0 6 6 9 6 6 5 7 7 8 6 4 8 
7 9 6 8 8 6 5 6 0 8 7 2 8 7 5 9 6 8 4 6 
11 3 6 4 6 10 9 6 8 0 11 8 4 5 9 3 10 6 6 10 
2 12 9 11 11 5 6 9 7 11 0 7 11 10 6 12 5 11 7 3 
7 9 6 8 8 6 5 6 2 8 7 0 8 7 5 9 6 8 4 6 
11 5 6 2 6 10 9 6 8 4 11 8 0 5 9 5 10 6 6 10 
10 6 5 5 3 9 8 5 7 5 10 7 5 0 8 6 9 3 5 9 
6 10 7 9 9 5 2 7 5 9 6 5 9 8 0 10 5 9 5 5 
12 2 7 5 7 11 10 7 9 3 12 9 5 6 10 0 11 7 7 11 
5 11 8 10 10 2 5 8 6 10 5 6 10 9 5 11 0 10 6 4 
11 7 6 6 2 10 9 6 8 6 11 8 6 3 9 7 10 0 6 10 
7 7 4 6 6 6 5 4 4 6 7 4 6 5 5 7 6 6 0 6 
3 11 8 10 10 4 5 8 6 10 3 6 10 9 5 11 4 10 6 0 
